Rk,Player,Nation,Pos,Squad,Age,Born,90s,GA,PKA,FK,CK,OG,PSxG,PSxG/SoT,PSxG+/-,/90,Cmp,Att,Cmp%,Att,Thr,Launch%,AvgLen,Att,Launch%,AvgLen,Opp,Stp,Stp%,#OPA,#OPA/90,AvgDist,Matches
1,Adrián\Adrian,es ESP,GK,Liverpool,34-064,1987,3.0,3.00,0.00,0.00,0.67,0.00,2.60,0.41,-0.40,-0.39,4.00,10.7,37.5,25.7,6.67,31.2,34.7,7.33,36.4,32.6,9.67,0.67,6.9,0.33,0.33,4.23,Matches
2,Rúnar Alex Rúnarsson\Runar-Alex-Runarsson,is ISL,GK,Arsenal,26-018,1995,0.2,0.00,0.00,0.00,0.00,0.00,0.50,0.04,0.50,+0.50,0.00,15.0,0.0,50.0,10.0,30.0,31.8,5.00,0.0,30.0,20.0,0.00,0.0,0.00,0.00,87.5,Matches
3,Alisson\Alisson,br BRA,GK,Liverpool,28-157,1992,23.0,1.13,0.17,0.04,0.13,0.00,1.20,0.34,0.07,+0.08,3.48,7.57,46.0,28.8,4.74,20.8,30.0,5.04,31.0,34.8,5.48,0.48,8.7,1.48,1.48,0.84,Matches
4,Alphonse Areola\Alphonse-Areola,fr FRA,GK,Fulham,28-009,1993,27.0,1.11,0.19,0.00,0.07,0.04,1.34,0.29,0.27,+0.27,4.52,11.9,37.9,19.8,4.26,39.1,34.5,6.85,61.1,45.0,9.96,1.11,11.2,0.59,0.59,0.52,Matches
5,Kepa Arrizabalaga\Kepa-Arrizabalaga,es ESP,GK,Chelsea,26-156,1994,4.0,1.50,0.00,0.00,0.00,0.00,1.32,0.29,-0.17,-0.17,7.25,14.3,50.9,26.3,5.00,38.1,33.7,8.25,51.5,40.4,8.25,1.00,12.1,0.00,0.00,3.60,Matches
6,David Button\David-Button,eng ENG,GK,West Brom,32-009,1989,1.0,2.00,0.00,0.00,1.00,0.00,1.70,0.24,-0.30,-0.31,8.00,29.0,27.6,25.0,2.00,68.0,49.1,12.0,100.0,67.0,10.0,1.00,10.0,0.00,0.00,10.0,Matches
7,Willy Caballero\Willy-Caballero,ar ARG,GK,Chelsea,39-161,1981,1.0,3.00,0.00,0.00,1.00,0.00,1.50,0.49,-1.50,-1.54,1.00,3.00,33.3,20.0,2.00,15.0,24.6,6.00,0.0,19.7,8.00,0.00,0.0,2.00,2.00,22.0,Matches
8,Kiko Casilla\Kiko-Casilla,es ESP,GK,Leeds United,34-157,1986,1.0,1.00,0.00,0.00,0.00,0.00,1.00,0.52,0.00,+0.04,5.00,6.00,83.3,23.0,10.0,13.0,22.9,10.0,30.0,34.1,8.00,2.00,25.0,0.00,0.00,14.7,Matches
9,Karl Darlow\Karl-Darlow,eng ENG,GK,Newcastle Utd,30-151,1990,25.0,1.72,0.12,0.04,0.16,0.08,1.48,0.28,-0.16,-0.16,7.36,21.3,34.6,20.2,3.52,68.4,50.5,8.80,84.5,60.2,9.56,0.88,9.2,0.24,0.24,0.48,Matches
10,Martin Dúbravka\Martin-Dubravka,sk SVK,GK,Newcastle Utd,32-052,1989,2.0,0.50,0.00,0.00,0.00,0.00,1.25,0.42,0.75,+0.75,7.00,15.5,45.2,23.5,2.50,29.8,34.3,12.0,70.8,56.4,12.0,1.00,8.3,0.00,0.00,5.90,Matches
11,Ederson\Ederson,br BRA,GK,Manchester City,27-203,1993,27.0,0.67,0.22,0.00,0.07,0.04,0.77,0.28,0.14,+0.14,3.96,8.30,47.8,25.3,3.89,23.9,31.0,4.41,51.3,45.6,5.15,0.37,7.2,0.74,0.74,0.61,Matches
12,Łukasz Fabiański\Lukasz-Fabianski,pl POL,GK,West Ham,35-324,1985,24.0,1.21,0.08,0.00,0.13,0.00,1.28,0.32,0.07,+0.07,8.33,19.0,43.9,20.9,3.88,62.3,46.4,7.71,77.8,56.0,10.9,0.71,6.5,0.33,0.33,0.52,Matches
13,Fraser Forster\Fraser-Forster,eng ENG,GK,Southampton,32-356,1988,3.0,0.33,0.00,0.00,0.00,0.00,0.30,0.24,-0.03,-0.02,8.33,28.0,29.8,30.3,3.33,65.9,48.7,8.67,92.3,63.2,12.3,0.67,5.4,0.67,0.67,4.87,Matches
14,David de Gea\David-de-Gea,es ESP,GK,Manchester Utd,30-121,1990,23.5,1.23,0.17,0.04,0.17,0.09,1.16,0.31,0.01,+0.01,3.40,8.21,41.5,15.7,2.94,34.9,33.2,6.98,39.0,34.5,7.70,0.34,4.4,0.38,0.38,0.60,Matches
15,Vicente Guaita\Vicente-Guaita,es ESP,GK,Crystal Palace,34-057,1987,28.0,1.68,0.11,0.04,0.25,0.00,1.69,0.35,0.01,+0.01,6.50,18.8,34.6,20.2,3.89,58.4,43.5,8.29,84.5,59.9,10.1,0.54,5.3,0.36,0.36,0.47,Matches
16,Dean Henderson\Dean-Henderson,eng ENG,GK,Manchester Utd,23-361,1997,4.5,0.67,0.00,0.00,0.44,0.00,0.93,0.19,0.27,+0.27,2.67,8.00,33.3,15.1,5.33,36.8,33.7,8.89,27.5,30.5,9.11,0.67,7.3,0.67,0.67,3.51,Matches
17,Sam Johnstone\Sam-Johnstone,eng ENG,GK,West Brom,27-348,1993,27.0,2.00,0.15,0.00,0.26,0.11,2.00,0.32,0.11,+0.12,9.19,25.3,36.4,26.5,4.52,69.9,50.0,7.78,86.7,59.9,10.0,0.70,7.0,0.70,0.70,0.53,Matches
18,Caoimhín Kelleher\Caoimhin-Kelleher,ie IRL,GK,Liverpool,22-105,1998,2.0,0.50,0.00,0.00,0.00,0.00,1.10,0.32,0.60,+0.62,4.00,9.50,42.1,24.0,5.00,31.3,34.1,7.00,28.6,33.7,9.50,1.00,10.5,0.50,0.50,9.15,Matches
19,Bernd Leno\Bernd-Leno,de GER,GK,Arsenal,29-004,1992,25.8,1.05,0.04,0.00,0.19,0.12,1.12,0.31,0.19,+0.19,3.18,9.50,33.5,28.0,4.96,20.1,27.6,6.47,59.9,46.0,9.07,0.50,5.6,0.78,0.78,0.58,Matches
20,Hugo Lloris\Hugo-Lloris,fr FRA,GK,Tottenham,34-072,1986,27.0,1.04,0.22,0.00,0.07,0.07,1.14,0.27,0.18,+0.18,5.48,13.1,41.8,20.1,3.85,49.8,38.5,7.41,41.5,35.3,9.85,0.37,3.8,0.37,0.37,0.48,Matches
21,Emiliano Martínez\Emiliano-Martinez,ar ARG,GK,Aston Villa,28-187,1992,26.0,1.04,0.08,0.08,0.08,0.00,1.33,0.28,0.30,+0.30,8.00,19.9,40.2,27.6,3.92,54.3,42.7,6.69,74.1,54.9,10.1,0.92,9.1,0.54,0.54,0.54,Matches
22,Alex McCarthy\Alex-McCarthy,eng ENG,GK,Southampton,31-095,1989,24.0,1.79,0.21,0.04,0.08,0.04,1.54,0.32,-0.21,-0.21,4.88,17.5,27.9,30.3,4.04,45.9,37.0,5.29,67.7,49.0,7.96,0.75,9.4,0.75,0.75,0.65,Matches
23,Edouard Mendy\Edouard-Mendy,sn SEN,GK,Chelsea,29-007,1992,22.0,0.73,0.09,0.05,0.14,0.05,0.67,0.25,-0.01,-0.01,4.95,9.68,51.2,27.8,3.77,26.7,29.6,5.91,38.5,34.4,7.18,0.50,7.0,0.77,0.77,0.72,Matches
24,Illan Meslier\Illan-Meslier,fr FRA,GK,Leeds United,21-006,2000,25.0,1.72,0.28,0.04,0.36,0.08,1.70,0.28,0.06,+0.06,4.84,10.2,47.5,31.3,7.52,25.2,28.9,7.04,33.0,31.1,5.24,0.40,7.6,0.68,0.68,0.56,Matches
25,Robin Olsen\Robin-Olsen,se SWE,GK,Everton,31-059,1990,5.0,1.60,0.20,0.00,0.00,0.00,1.54,0.35,-0.06,-0.06,7.40,15.0,49.3,21.4,2.00,51.4,42.0,6.40,62.5,48.6,8.20,0.20,2.4,0.20,0.20,2.18,Matches
26,Rui Patrício\Rui-Patricio,pt POR,GK,Wolves,33-021,1988,28.0,1.32,0.21,0.04,0.21,0.11,1.11,0.26,-0.11,-0.11,6.07,13.1,46.2,14.7,3.07,56.8,41.9,7.07,67.7,46.2,10.0,0.68,6.8,0.18,0.18,0.42,Matches
27,Bailey Peacock-Farrell\Bailey-Peacock-Farrell,nir NIR,GK,Burnley,24-130,1996,1.0,5.00,0.00,0.00,0.00,0.00,4.40,0.62,-0.60,-0.65,11.0,28.0,39.3,23.0,1.00,87.0,55.5,9.00,88.9,64.9,9.00,0.00,0.0,0.00,0.00,8.50,Matches
28,Jordan Pickford\Jordan-Pickford,eng ENG,GK,Everton,27-001,1994,21.0,1.19,0.05,0.05,0.24,0.00,1.09,0.26,-0.10,-0.10,8.86,21.1,42.0,29.8,4.29,54.6,44.4,7.00,69.4,55.9,9.29,0.76,8.2,0.52,0.52,0.66,Matches
29,Nick Pope\Nick-Pope,eng ENG,GK,Burnley,28-323,1992,27.0,1.15,0.11,0.00,0.22,0.04,1.32,0.26,0.21,+0.21,9.22,23.5,39.3,22.8,4.04,74.5,52.7,7.59,85.9,61.6,9.59,1.19,12.4,1.22,1.22,0.60,Matches
30,Aaron Ramsdale\Aaron-Ramsdale,eng ENG,GK,Sheffield Utd,22-298,1998,28.0,1.61,0.11,0.00,0.29,0.04,1.57,0.29,-0.00,0.00,7.82,23.4,33.5,22.1,2.61,75.0,55.1,7.04,95.9,72.2,9.61,0.96,10.0,0.57,0.57,0.55,Matches
31,Darren Randolph\Darren-Randolph,ie IRL,GK,West Ham,33-300,1987,2.0,1.00,0.00,0.00,1.00,0.00,0.70,0.29,-0.30,-0.28,4.50,12.5,36.0,15.0,1.00,66.7,47.8,5.50,45.5,36.7,8.00,0.00,0.0,0.50,0.50,6.65,Matches
32,Marek Rodák\Marek-Rodak,sk SVK,GK,Fulham,24-085,1996,1.0,3.00,0.00,0.00,1.00,0.00,2.50,0.61,-0.50,-0.55,6.00,12.0,50.0,22.0,3.00,40.9,35.8,4.00,75.0,56.0,9.00,0.00,0.0,1.00,1.00,11.8,Matches
33,Mathew Ryan\Mathew-Ryan,au AUS,GK,Arsenal,28-334,1992,1.0,1.00,0.00,0.00,0.00,0.00,2.80,0.35,1.80,+1.76,2.00,2.00,100.0,14.0,5.00,7.1,28.4,3.00,33.3,38.0,4.00,0.00,0.0,0.00,0.00,15.3,Matches
34,Mathew Ryan\Mathew-Ryan,au AUS,GK,Brighton,28-334,1992,11.0,1.73,0.36,0.00,0.27,0.09,1.35,0.37,-0.29,-0.29,5.18,12.8,40.4,31.0,5.09,33.4,32.5,5.27,46.6,40.2,9.36,0.64,6.8,0.55,0.55,1.31,Matches
35,Robert Sánchez\Robert-Sanchez,es ESP,GK,Brighton,23-110,1997,16.0,1.00,0.13,0.00,0.31,0.06,1.09,0.32,0.16,+0.16,6.50,17.7,36.7,30.7,4.75,44.4,39.6,7.00,58.0,46.7,7.38,0.44,5.9,0.63,0.63,0.94,Matches
36,Kasper Schmeichel\Kasper-Schmeichel,dk DEN,GK,Leicester City,34-123,1986,28.0,1.14,0.07,0.00,0.21,0.04,1.30,0.34,0.19,+0.19,6.43,14.9,43.2,26.9,4.46,43.8,38.8,6.07,51.2,42.9,8.14,0.75,9.2,0.36,0.36,0.46,Matches
37,Zack Steffen\Zack-Steffen,us USA,GK,Manchester City,25-340,1995,1.0,1.00,0.00,0.00,0.00,0.00,0.60,0.32,-0.40,-0.37,2.00,6.00,33.3,20.0,4.00,25.0,31.1,8.00,12.5,20.5,10.0,0.00,0.0,0.00,0.00,7.00,Matches