Rk,Player,Nation,Pos,Squad,Age,Born,90s,Cmp,Att,Cmp%,TotDist,PrgDist,Cmp,Att,Cmp%,Cmp,Att,Cmp%,Cmp,Att,Cmp%,Ast,xA,A-xA,KP,1/3,PPA,CrsPA,Prog,Matches
1,Patrick van Aanholt\Patrick-van-Aanholt,nl NED,DF,Crystal Palace,30-191,1990,15.7,46.1,57.8,79.8,770.4,354.0,23.9,26.9,88.7,17.3,21.3,81.2,4.08,7.71,52.9,0.06,0.05,0.01,0.70,3.38,1.46,0.25,5.61,Matches
2,Tammy Abraham\Tammy-Abraham,eng ENG,FW,Chelsea,23-157,1997,11.3,13.0,18.9,68.7,180.7,28.9,7.96,10.3,77.6,3.45,5.49,62.9,0.80,1.33,60.0,0.09,0.08,0.01,0.71,1.06,0.18,0.00,0.97,Matches
3,Che Adams\Che-Adams,eng ENG,FW,Southampton,24-238,1996,22.1,14.8,21.5,69.1,246.4,55.4,7.51,10.0,74.8,4.71,6.24,75.4,1.81,2.40,75.5,0.18,0.19,-0.01,1.04,1.00,0.68,0.00,2.08,Matches
4,Tosin Adarabioyo\Tosin-Adarabioyo,eng ENG,DF,Fulham,23-165,1997,24.0,47.4,54.7,86.7,1125.1,371.4,8.79,9.83,89.4,27.2,29.0,93.8,11.1,15.1,73.3,0.00,0.01,-0.01,0.17,2.38,0.13,0.00,2.29,Matches
5,Adrián\Adrian,es ESP,GK,Liverpool,34-064,1987,3.0,25.3,33.0,76.8,672.0,375.7,6.00,6.00,100.0,11.7,12.0,97.2,7.00,14.3,48.8,0.00,0.00,0.00,0.00,0.00,0.00,0.00,0.00,Matches
6,Sergio Agüero\Sergio-Aguero,ar ARG,FW,Manchester City,32-279,1988,2.3,24.3,28.7,84.8,288.3,31.7,13.9,15.7,88.9,6.09,6.96,87.5,0.87,0.87,100.0,0.00,0.26,-0.26,1.30,0.87,0.43,0.00,0.87,Matches
7,Ola Aina\Ola-Aina,ng NGA,DF,Fulham,24-151,1996,23.2,47.9,61.3,78.1,915.7,372.1,19.7,21.8,90.7,21.3,24.9,85.8,6.25,12.8,49.0,0.04,0.06,-0.01,0.56,3.79,0.56,0.34,3.79,Matches
8,Rayan Aït Nouri\Rayan-Ait-Nouri,fr FRA,DF,Wolves,19-275,2001,7.8,38.7,46.4,83.4,609.0,178.8,20.5,22.3,92.0,15.8,18.5,85.4,1.92,3.46,55.6,0.13,0.09,0.04,0.77,1.67,0.77,0.38,2.31,Matches
9,Semi Ajayi\Semi-Ajayi,ng NGA,DF,West Brom,27-119,1993,23.3,24.5,33.8,72.7,533.0,227.1,7.12,8.37,85.1,12.8,15.9,80.8,4.55,9.10,50.0,0.00,0.00,-0.00,0.09,2.15,0.13,0.00,2.10,Matches
10,Nathan Aké\Nathan-Ake,nl NED,DF,Manchester City,26-018,1995,5.2,82.5,88.7,93.1,1506.5,415.4,34.2,35.8,95.7,41.0,43.3,94.7,6.92,8.46,81.8,0.00,0.00,0.00,0.19,6.92,0.00,0.00,4.42,Matches
11,Marc Albrighton\Marc-Albrighton,eng ENG,FWDF,Leicester City,31-110,1989,13.4,29.6,43.4,68.2,519.3,207.8,14.6,17.8,82.4,10.2,12.9,79.2,3.43,8.36,41.1,0.22,0.22,0.00,1.64,2.69,2.01,0.82,4.18,Matches
12,Thiago Alcántara\Thiago-Alcantara,es ESP,MF,Liverpool,29-331,1991,11.8,76.0,85.7,88.7,1598.9,395.7,26.3,29.0,90.6,34.5,37.0,93.1,14.2,17.6,80.3,0.00,0.09,-0.09,1.36,9.58,0.93,0.08,8.90,Matches
13,Toby Alderweireld\Toby-Alderweireld,be BEL,DF,Tottenham,32-006,1989,16.9,42.1,51.4,81.9,993.6,269.3,9.88,10.8,91.8,21.7,23.5,92.4,10.2,16.2,63.1,0.00,0.01,-0.01,0.18,2.90,0.24,0.06,1.95,Matches
14,Rúnar Alex Rúnarsson\Runar-Alex-Runarsson,is ISL,GK,Arsenal,26-018,1995,0.2,35.0,55.0,63.6,630.0,255.0,10.0,10.0,100.0,25.0,25.0,100.0,0.00,20.0,0.0,0.00,0.00,0.00,0.00,0.00,0.00,0.00,0.00,Matches
15,Trent Alexander-Arnold\Trent-Alexander-Arnold,eng ENG,DF,Liverpool,22-152,1998,23.7,69.7,92.0,75.8,1498.0,594.6,24.5,27.6,88.7,31.3,37.6,83.3,13.3,24.1,55.3,0.13,0.16,-0.04,1.65,6.79,3.21,0.72,9.16,Matches
16,Ezgjan Alioski\Ezgjan-Alioski,mk MKD,DFMF,Leeds United,29-024,1992,16.5,52.8,64.2,82.2,854.5,277.7,27.4,30.4,90.2,21.6,24.8,87.3,3.15,6.48,48.6,0.00,0.10,-0.10,1.03,3.82,1.15,0.48,4.00,Matches
17,Alisson\Alisson,br BRA,GK,Liverpool,28-157,1992,23.0,29.2,33.9,86.1,767.0,400.3,4.57,4.57,100.0,15.7,16.0,98.4,8.74,13.1,66.6,0.00,0.00,0.00,0.00,0.22,0.00,0.00,0.04,Matches
18,Allan\Allan,br BRA,MF,Everton,30-059,1991,12.8,40.2,46.6,86.4,759.5,167.0,16.9,18.3,92.3,16.3,18.6,87.4,6.17,7.97,77.5,0.00,0.02,-0.02,0.55,3.44,0.63,0.00,2.58,Matches
19,Dele Alli\Dele-Alli,eng ENG,MF,Tottenham,24-331,1996,2.3,43.5,54.3,80.0,763.0,168.3,19.1,22.2,86.3,18.7,21.3,87.8,4.78,6.09,78.6,0.00,0.09,-0.09,1.74,3.48,1.30,0.00,4.35,Matches
20,Miguel Almirón\Miguel-Almiron,py PAR,MFFW,Newcastle Utd,27-026,1994,17.6,27.7,34.3,80.6,476.3,106.0,13.9,15.8,88.1,10.2,12.0,84.9,2.78,4.43,62.8,0.06,0.12,-0.06,1.25,1.99,1.19,0.40,2.44,Matches
21,Marcos Alonso\Marcos-Alonso,es ESP,DF,Chelsea,30-070,1990,6.8,51.2,61.6,83.1,861.2,315.9,25.4,28.4,89.6,21.6,24.3,89.1,3.68,6.62,55.6,0.00,0.07,-0.07,1.03,1.76,0.74,0.15,5.29,Matches
22,Steven Alzate\Steven-Alzate,co COL,MFDF,Brighton,22-181,1998,8.2,37.6,42.8,87.7,671.7,131.1,17.6,19.8,88.9,14.9,16.0,93.1,4.76,5.73,83.0,0.00,0.05,-0.05,0.98,2.80,0.73,0.00,3.29,Matches
23,Daniel Amartey\Daniel-Amartey,gh GHA,DF,Leicester City,26-077,1994,6.5,50.2,59.8,83.8,947.7,285.2,16.8,18.2,92.4,27.1,31.2,86.7,5.54,8.00,69.2,0.00,0.00,0.00,0.00,2.62,0.15,0.00,3.23,Matches
24,Ethan Ampadu\Ethan-Ampadu,wal WAL,DFMF,Sheffield Utd,20-175,2000,19.8,35.9,45.3,79.4,722.3,228.7,12.9,15.1,85.3,16.9,19.7,85.7,5.51,8.99,61.2,0.00,0.05,-0.05,0.51,3.18,0.76,0.10,3.79,Matches
25,Joachim Andersen\Joachim-Andersen,dk DEN,DF,Fulham,24-281,1996,21.7,49.5,58.9,84.0,1229.4,364.9,9.68,10.8,89.4,26.7,28.9,92.5,12.7,18.2,69.6,0.05,0.02,0.02,0.37,3.96,0.32,0.05,3.50,Matches
26,Elliot Anderson\Elliot-Anderson,sco SCO,MF,Newcastle Utd,18-122,2002,0.0,1,1,100.0,10,0,1,1,100.0,0,0,,0,0,,0,0.0,0.0,0,0,0,0,0,Matches
27,Felipe Anderson\Felipe-Anderson,br BRA,FWMF,West Ham,27-327,1993,0.0,4,6,66.7,61,28,2,2,100.0,2,4,50.0,0,0,,0,0.0,0.0,0,0,0,0,2,Matches
28,Michail Antonio\Michail-Antonio,eng ENG,FW,West Ham,30-345,1990,13.8,12.8,20.2,63.1,202.5,32.7,7.03,10.2,68.8,3.62,5.80,62.5,1.30,2.17,60.0,0.22,0.09,0.12,0.87,0.87,0.29,0.00,1.01,Matches
29,Alphonse Areola\Alphonse-Areola,fr FRA,GK,Fulham,28-009,1993,27.0,19.2,26.7,71.9,533.6,330.3,5.44,5.44,100.0,6.56,6.59,99.4,6.78,14.2,47.7,0.00,0.00,0.00,0.00,0.15,0.00,0.00,0.00,Matches
30,Stuart Armstrong\Stuart-Armstrong,sco SCO,MF,Southampton,28-343,1992,20.2,31.5,40.0,78.7,499.4,148.6,17.4,20.3,85.6,11.3,13.3,84.8,2.28,3.56,63.9,0.20,0.10,0.10,1.29,2.97,1.19,0.25,3.51,Matches
31,Kepa Arrizabalaga\Kepa-Arrizabalaga,es ESP,GK,Chelsea,26-156,1994,4.0,26.5,34.5,76.8,768.3,409.3,6.00,6.25,96.0,10.8,10.8,100.0,9.75,17.5,55.7,0.00,0.00,0.00,0.00,0.25,0.00,0.00,0.00,Matches
32,Pierre-Emerick Aubameyang\Pierre-Emerick-Aubameyang,ga GAB,FW,Arsenal,31-263,1989,20.6,20.1,26.6,75.5,307.9,60.6,11.2,13.6,82.1,6.99,9.17,76.2,1.21,2.14,56.8,0.05,0.08,-0.03,0.78,0.68,1.21,0.44,2.09,Matches
33,Serge Aurier\Serge-Aurier,ci CIV,DF,Tottenham,28-074,1992,12.8,39.9,51.3,77.9,633.8,265.2,21.3,23.7,89.8,15.2,20.2,74.9,2.66,5.16,51.5,0.08,0.12,-0.04,0.70,1.09,1.33,0.47,3.20,Matches
34,Charlie Austin\Charlie-Austin,eng ENG,FW,West Brom,31-246,1989,1.5,16.0,22.0,72.7,242.0,82.7,7.33,8.67,84.6,8.00,10.7,75.0,0.67,1.33,50.0,0.00,0.00,0.00,0.00,0.00,0.00,0.00,2.67,Matches
35,Jordan Ayew\Jordan-Ayew,gh GHA,FWMF,Crystal Palace,29-178,1991,17.6,21.2,26.4,80.2,298.2,55.1,13.2,15.2,86.9,6.08,7.56,80.5,0.91,1.59,57.1,0.17,0.03,0.14,0.57,0.57,0.68,0.11,1.76,Matches
36,Luke Ayling\Luke-Ayling,eng ENG,DF,Leeds United,29-195,1991,25.8,60.2,75.6,79.6,1233.5,487.0,21.3,24.1,88.3,29.1,33.4,87.1,9.42,16.0,58.7,0.00,0.09,-0.09,0.85,5.31,1.05,0.39,6.16,Matches
37,César Azpilicueta\Cesar-Azpilicueta,es ESP,DF,Chelsea,31-192,1989,15.6,74.3,85.6,86.8,1341.0,472.9,28.8,31.2,92.6,39.0,42.7,91.3,5.64,9.55,59.1,0.06,0.07,-0.01,0.96,5.83,0.90,0.19,4.94,Matches
38,Eric Bailly\Eric-Bailly,ci CIV,DF,Manchester Utd,26-330,1994,7.1,48.3,53.8,89.8,1007.5,320.4,13.7,14.8,92.4,27.6,29.7,92.9,6.90,9.01,76.6,0.00,0.00,0.00,0.00,3.38,0.00,0.00,3.10,Matches
39,Fabián Balbuena\Fabian-Balbuena,py PAR,DF,West Ham,29-197,1991,12.0,26.6,35.0,76.0,651.6,253.3,5.17,5.92,87.3,14.4,16.5,87.4,6.67,11.8,56.3,0.00,0.00,0.00,0.00,2.42,0.00,0.00,2.25,Matches
40,George Baldock\George-Baldock,eng ENG,DF,Sheffield Utd,27-364,1993,22.5,28.4,36.9,76.8,433.6,146.7,16.7,18.3,91.2,9.60,12.4,77.1,1.47,3.91,37.5,0.09,0.06,0.03,0.53,1.33,1.02,0.27,2.00,Matches
41,Gareth Bale\Gareth-Bale,wal WAL,FW,Tottenham,31-235,1989,5.6,27.5,40.5,67.8,578.9,173.4,12.3,15.0,82.1,8.21,11.3,73.0,5.89,11.4,51.6,0.36,0.16,0.20,1.79,2.86,0.71,0.18,3.39,Matches
42,Patrick Bamford\Patrick-Bamford,eng ENG,FW,Leeds United,27-184,1993,24.8,11.3,14.8,76.3,152.1,22.5,6.45,8.35,77.3,3.19,3.87,82.3,0.65,0.73,88.9,0.20,0.11,0.09,0.69,0.56,0.32,0.08,0.73,Matches
43,Phil Bardsley\Phil-Bardsley,sco SCO,DF,Burnley,35-253,1985,3.0,38.7,55.0,70.3,752.0,316.3,15.7,16.3,95.9,17.0,22.3,76.1,5.33,13.3,40.0,0.00,0.00,0.00,0.00,3.00,2.00,0.33,3.67,Matches
44,Ross Barkley\Ross-Barkley,eng ENG,MF,Aston Villa,27-093,1993,12.4,34.0,41.8,81.5,633.2,151.4,16.4,18.9,86.8,11.9,13.5,87.5,5.32,7.58,70.2,0.08,0.23,-0.15,2.34,2.74,1.37,0.00,4.11,Matches
45,Ross Barkley\Ross-Barkley,eng ENG,MF,Chelsea,27-093,1993,0.5,44.0,52.0,84.6,882.0,144.0,20.0,26.0,76.9,16.0,18.0,88.9,8.00,8.00,100.0,0.00,0.20,-0.20,2.00,4.00,2.00,0.00,4.00,Matches
46,Ashley Barnes\Ashley-Barnes,eng ENG,FW,Burnley,31-129,1989,14.4,12.9,20.1,64.1,168.9,37.6,8.54,11.3,75.9,2.99,4.86,61.4,0.49,1.94,25.0,0.00,0.05,-0.05,0.90,0.90,0.49,0.07,1.32,Matches
47,Harvey Barnes\Harvey-Barnes,eng ENG,FWMF,Leicester City,23-089,1997,21.6,21.7,29.1,74.5,335.0,86.8,12.3,15.4,79.9,7.27,9.21,78.9,1.53,2.36,64.7,0.19,0.07,0.12,1.16,1.71,0.88,0.09,2.87,Matches
48,Kyle Bartley\Kyle-Bartley,eng ENG,DF,West Brom,29-290,1991,18.8,23.7,30.4,78.1,493.1,157.3,7.50,8.62,87.0,12.1,14.3,84.4,3.94,6.97,56.5,0.05,0.02,0.03,0.16,1.81,0.11,0.05,1.12,Matches
49,Chris Basham\Chris-Basham,eng ENG,DFMF,Sheffield Utd,32-231,1988,22.6,31.5,39.2,80.2,555.0,161.5,14.4,16.2,88.8,13.3,15.9,83.6,3.27,5.58,58.7,0.04,0.03,0.01,0.35,1.90,0.53,0.22,2.35,Matches
50,Michy Batshuayi\Michy-Batshuayi,be BEL,FW,Crystal Palace,27-157,1993,7.8,14.2,19.9,71.6,200.8,40.9,7.82,9.87,79.2,4.74,6.54,72.5,0.77,1.03,75.0,0.13,0.18,-0.05,0.90,0.77,0.38,0.13,1.15,Matches
51,Jan Bednarek\Jan-Bednarek,pl POL,DF,Southampton,24-330,1996,25.9,51.5,61.2,84.2,993.0,340.2,19.0,20.5,92.6,26.6,29.4,90.4,5.52,10.3,53.6,0.04,0.01,0.03,0.15,2.63,0.15,0.00,2.66,Matches
52,Donny van de Beek\Donny-van-de-Beek,nl NED,MFFW,Manchester Utd,23-324,1997,3.6,40.0,47.5,84.2,576.1,109.2,23.6,26.9,87.6,14.7,15.8,93.0,0.83,1.39,60.0,0.00,0.03,-0.03,0.56,1.94,0.28,0.28,1.39,Matches
53,Héctor Bellerín\Hector-Bellerin,es ESP,DF,Arsenal,25-354,1995,21.2,45.8,55.4,82.7,765.6,222.5,21.5,24.7,87.0,20.8,24.3,85.7,2.64,4.15,63.6,0.09,0.11,-0.01,0.99,2.41,1.32,0.42,3.63,Matches
54,Saïd Benrahma\Said-Benrahma,dz ALG,MFFW,West Ham,25-210,1995,9.8,25.9,32.9,78.9,408.7,109.9,14.6,16.0,91.1,8.37,10.3,81.2,1.94,4.39,44.2,0.41,0.18,0.22,1.53,2.65,1.12,0.31,3.16,Matches
55,Josh Benson\Josh-Benson,eng ENG,MF,Burnley,21-093,1999,2.9,21.4,29.3,72.9,298.3,111.0,13.1,14.5,90.5,5.86,8.28,70.8,1.38,4.14,33.3,0.00,0.00,0.00,0.00,1.38,0.00,0.00,2.41,Matches
56,Christian Benteke\Christian-Benteke,be BEL,FW,Crystal Palace,30-095,1990,11.9,17.7,27.6,64.3,243.4,53.0,10.7,16.3,65.5,4.87,7.82,62.4,1.01,1.51,66.7,0.08,0.08,0.01,0.92,1.26,0.92,0.08,1.93,Matches
57,Jóhann Berg Guðmundsson\Johann-Berg-Gudmundsson,is ISL,MF,Burnley,30-132,1990,9.1,22.9,30.2,75.6,367.1,91.8,13.0,14.9,86.8,6.81,9.01,75.6,2.31,4.95,46.7,0.00,0.02,-0.02,0.44,1.32,0.44,0.22,2.42,Matches
58,Sander Berge\Sander-Berge,no NOR,MF,Sheffield Utd,23-022,1998,11.3,30.9,37.7,81.9,566.2,118.2,13.2,15.8,83.2,13.4,15.1,88.3,3.81,5.31,71.7,0.09,0.11,-0.02,1.06,2.83,0.35,0.18,2.57,Matches
59,Steven Bergwijn\Steven-Bergwijn,nl NED,FWMF,Tottenham,23-151,1997,11.3,24.7,30.5,80.9,340.3,63.6,15.1,16.9,89.5,7.43,9.20,80.8,0.62,2.21,28.0,0.18,0.09,0.09,0.88,1.50,0.53,0.00,1.24,Matches
60,Bernard\Bernard,br BRA,FWMF,Everton,28-181,1992,4.2,43.3,55.0,78.8,713.8,185.5,21.0,24.0,87.1,17.6,21.9,80.4,3.57,5.24,68.2,0.00,0.14,-0.14,1.90,3.81,2.14,0.48,4.52,Matches
61,Bernardo\Bernardo,br BRA,DFMF,Brighton,25-298,1995,2.3,27.0,37.8,71.3,453.0,125.2,13.9,16.5,84.2,10.4,14.8,70.6,2.17,2.61,83.3,0.00,0.09,-0.09,0.87,1.30,0.87,0.43,2.61,Matches
62,Ryan Bertrand\Ryan-Bertrand,eng ENG,DF,Southampton,31-215,1989,24.9,41.2,53.6,76.9,685.7,270.7,20.8,23.6,88.2,16.5,20.5,80.4,2.97,6.79,43.8,0.04,0.03,0.01,0.36,2.29,0.88,0.16,3.49,Matches
63,Yves Bissouma\Yves-Bissouma,ml MLI,MF,Brighton,24-190,1996,23.6,42.5,49.2,86.4,872.9,158.9,14.2,16.5,86.4,20.0,22.0,91.1,7.50,9.49,79.0,0.00,0.02,-0.02,0.34,3.81,0.64,0.08,3.56,Matches
64,Jayden Bogle\Jayden-Bogle,eng ENG,DF,Sheffield Utd,20-224,2000,9.0,26.1,33.3,78.3,428.1,173.8,14.6,16.8,86.8,8.11,10.1,80.2,2.56,4.33,59.0,0.00,0.02,-0.02,0.44,1.56,0.78,0.11,2.44,Matches
65,Willy Boly\Willy-Boly,ci CIV,DF,Wolves,30-033,1991,16.0,38.8,46.8,82.9,776.1,263.2,12.3,13.9,88.3,20.2,22.4,90.2,5.88,9.50,61.8,0.06,0.03,0.04,0.13,2.50,0.06,0.00,2.06,Matches
66,Jarrod Bowen\Jarrod-Bowen,eng ENG,FWMF,West Ham,24-078,1996,20.4,17.9,26.8,67.0,366.1,80.9,7.40,9.90,74.8,6.91,8.87,77.9,3.38,6.67,50.7,0.15,0.11,0.03,0.98,0.83,0.83,0.29,1.47,Matches
67,Robbie Brady\Robbie-Brady,ie IRL,MF,Burnley,29-053,1992,11.4,23.1,33.9,68.1,408.9,141.8,11.5,13.9,82.4,7.63,11.0,69.6,2.98,6.75,44.2,0.09,0.08,0.01,0.61,2.02,0.53,0.35,2.81,Matches
68,Rhian Brewster\Rhian-Brewster,eng ENG,FW,Sheffield Utd,20-341,2000,9.6,12.6,17.3,72.9,206.9,51.7,7.19,8.85,81.2,3.65,4.69,77.8,1.46,2.60,56.0,0.00,0.14,-0.14,0.52,1.15,0.21,0.00,1.35,Matches
69,Josh Brownhill\Josh-Brownhill,eng ENG,MF,Burnley,25-079,1995,21.8,31.5,39.5,79.7,499.3,107.0,16.5,18.7,88.0,10.9,13.5,81.0,2.71,4.82,56.2,0.00,0.03,-0.03,0.50,2.16,0.46,0.05,1.83,Matches
70,Joe Bryan\Joe-Bryan,eng ENG,DFFW,Fulham,27-172,1993,5.2,37.9,55.8,67.9,690.6,328.8,18.7,22.3,83.6,14.0,17.7,79.3,5.00,13.1,38.2,0.00,0.04,-0.04,0.58,2.50,0.58,0.38,3.65,Matches
71,Kean Bryan\Kean-Bryan,eng ENG,DF,Sheffield Utd,24-127,1996,7.3,27.3,38.2,71.3,554.2,282.5,10.7,11.5,92.9,11.2,14.1,79.6,4.52,10.8,41.8,0.00,0.05,-0.05,0.41,2.60,0.41,0.14,2.05,Matches
72,Oliver Burke\Oliver-Burke,sco SCO,FW,Sheffield Utd,23-335,1997,10.7,12.8,17.9,71.4,168.0,18.0,7.85,10.1,77.8,3.46,4.49,77.1,0.37,0.65,57.1,0.09,0.16,-0.07,1.12,0.37,0.47,0.09,0.56,Matches
73,Dan Burn\Dan-Burn,eng ENG,DF,Brighton,28-303,1992,16.4,42.6,56.3,75.6,753.2,242.4,17.7,22.2,79.9,21.3,25.4,83.9,3.11,6.95,44.7,0.00,0.02,-0.02,0.30,3.05,0.79,0.24,3.96,Matches
74,David Button\David-Button,eng ENG,GK,West Brom,32-009,1989,1.0,16.0,37.0,43.2,687.0,484.0,2.00,2.00,100.0,2.00,2.00,100.0,12.0,33.0,36.4,0.00,0.00,0.00,0.00,0.00,0.00,0.00,0.00,Matches
75,Oskar Buur\Oskar-Buur,dk DEN,DF,Wolves,22-342,1998,0.2,70.0,75.0,93.3,1005.0,235.0,45.0,45.0,100.0,25.0,25.0,100.0,0.00,5.00,0.0,0.00,0.00,0.00,0.00,0.00,0.00,0.00,0.00,Matches
76,Willy Caballero\Willy-Caballero,ar ARG,GK,Chelsea,39-161,1981,1.0,24.0,26.0,92.3,496.0,302.0,8.00,8.00,100.0,13.0,13.0,100.0,3.00,5.00,60.0,0.00,0.00,0.00,0.00,0.00,0.00,0.00,0.00,Matches
77,Gary Cahill\Gary-Cahill,eng ENG,DF,Crystal Palace,35-079,1985,13.0,32.2,37.9,84.8,706.2,246.7,9.08,10.8,83.7,17.8,19.2,93.2,5.08,7.62,66.7,0.00,0.03,-0.03,0.23,2.08,0.08,0.00,1.69,Matches
78,Tom Cairney\Tom-Cairney,sco SCO,MF,Fulham,30-047,1991,8.4,65.6,73.9,88.7,1329.2,239.2,25.5,27.0,94.3,27.0,29.4,91.9,11.9,15.2,78.1,0.12,0.17,-0.05,2.38,7.26,1.19,0.60,3.81,Matches
79,Dominic Calvert-Lewin\Dominic-Calvert-Lewin,eng ENG,FW,Everton,23-357,1997,21.9,15.8,22.0,72.0,241.6,37.9,9.09,11.7,77.7,4.57,6.62,69.0,1.51,1.87,80.5,0.00,0.05,-0.05,0.59,0.96,0.32,0.00,1.19,Matches
80,João Cancelo\Joao-Cancelo,pt POR,DF,Manchester City,26-285,1994,20.6,71.5,83.0,86.1,1264.5,356.6,34.7,37.7,92.1,28.2,31.9,88.1,7.72,10.8,71.3,0.10,0.18,-0.09,1.80,5.97,2.72,0.39,6.89,Matches
81,Ian Carlo Poveda\Ian-Carlo-Poveda,eng ENG,MFDF,Leeds United,21-027,2000,2.8,21.8,31.4,69.3,341.4,137.1,11.4,14.6,78.0,7.50,10.0,75.0,2.14,4.29,50.0,0.00,0.14,-0.14,0.71,2.14,2.50,0.36,5.71,Matches
82,Andy Carroll\Andy-Carroll,eng ENG,FW,Newcastle Utd,32-061,1989,4.2,19.8,31.2,63.4,304.3,90.0,11.9,16.7,71.4,5.71,10.0,57.1,1.43,2.86,50.0,0.00,0.02,-0.02,0.48,2.14,0.71,0.00,2.38,Matches
83,Matty Cash\Matty-Cash,eng ENG,DF,Aston Villa,23-213,1997,20.2,36.3,48.7,74.6,695.7,245.4,15.5,17.4,88.9,15.1,19.2,78.8,5.20,10.7,48.4,0.10,0.08,0.01,0.89,2.77,0.84,0.64,2.08,Matches
84,Kiko Casilla\Kiko-Casilla,es ESP,GK,Leeds United,34-157,1986,1.0,32.0,33.0,97.0,813.0,519.0,12.0,12.0,100.0,10.0,10.0,100.0,10.0,11.0,90.9,0.00,0.00,0.00,0.00,0.00,0.00,0.00,0.00,Matches
85,Timothy Castagne\Timothy-Castagne,be BEL,DF,Leicester City,25-093,1995,16.1,43.8,53.9,81.2,706.3,266.4,22.3,24.8,89.8,18.4,22.1,83.4,2.61,5.28,49.4,0.12,0.07,0.05,0.87,2.61,0.93,0.19,3.66,Matches
86,Jonny Castro\Jonny-Castro,es ESP,DF,Wolves,27-005,1994,4.5,33.3,42.4,78.5,485.6,162.2,19.8,22.2,89.0,11.8,14.0,84.1,1.11,3.11,35.7,0.00,0.02,-0.02,0.44,1.56,0.00,0.00,1.78,Matches
87,Ivan Cavaleiro\Ivan-Cavaleiro,pt POR,FWMF,Fulham,27-141,1993,19.2,22.3,30.6,72.9,361.3,79.7,12.1,14.6,82.9,7.40,9.27,79.8,2.08,4.43,47.1,0.00,0.11,-0.11,1.56,0.63,0.99,0.31,1.77,Matches
88,Edinson Cavani\Edinson-Cavani,uy URU,FW,Manchester Utd,34-022,1987,10.3,17.5,22.5,77.6,297.5,41.3,8.83,10.7,82.7,5.73,7.28,78.7,2.23,2.52,88.5,0.19,0.17,0.03,0.87,0.78,0.87,0.10,1.26,Matches
89,Dani Ceballos\Dani-Ceballos,es ESP,MF,Arsenal,24-213,1996,12.5,61.0,70.8,86.2,1222.6,298.0,21.8,24.3,89.8,28.6,31.3,91.3,10.0,13.2,75.8,0.16,0.18,-0.02,1.44,7.84,1.28,0.16,6.80,Matches
90,Calum Chambers\Calum-Chambers,eng ENG,DF,Arsenal,26-047,1995,1.0,49.0,66.0,74.2,759.0,194.0,30.0,35.0,85.7,14.0,19.0,73.7,5.00,9.00,55.6,0.00,0.10,-0.10,2.00,4.00,1.00,1.00,1.00,Matches
91,Ben Chilwell\Ben-Chilwell,eng ENG,DF,Chelsea,24-077,1996,18.5,59.7,75.6,78.9,1027.3,353.0,29.0,31.8,91.3,23.6,28.6,82.3,5.57,11.5,48.4,0.22,0.08,0.14,1.03,4.22,0.92,0.32,5.84,Matches
92,Hamza Choudhury\Hamza-Choudhury,eng ENG,MF,Leicester City,23-158,1997,3.4,55.0,67.9,81.0,1070.3,181.2,20.9,25.9,80.7,25.6,29.7,86.1,7.65,10.3,74.3,0.00,0.00,0.00,0.00,3.82,0.00,0.00,2.35,Matches
93,Andreas Christensen\Andreas-Christensen,dk DEN,DF,Chelsea,24-332,1996,9.1,67.7,72.7,93.1,1455.5,362.4,18.6,19.8,93.9,37.9,39.7,95.6,10.9,12.7,85.3,0.00,0.00,0.00,0.11,2.31,0.00,0.00,2.97,Matches
94,Ciaran Clark\Ciaran-Clark,ie IRL,DF,Newcastle Utd,31-163,1989,15.4,30.8,37.2,82.9,619.5,208.5,10.9,12.3,88.4,14.8,16.5,89.8,4.74,7.53,62.9,0.00,0.01,-0.01,0.13,2.01,0.13,0.00,1.88,Matches
95,Nathaniel Clyne\Nathaniel-Clyne,eng ENG,DF,Crystal Palace,29-337,1991,12.7,34.4,44.8,76.8,543.3,216.5,18.5,20.2,91.4,12.9,16.2,79.6,2.28,5.91,38.7,0.08,0.03,0.05,0.31,1.50,1.02,0.47,1.97,Matches
96,Conor Coady\Conor-Coady,eng ENG,DF,Wolves,28-011,1993,26.7,40.5,46.4,87.2,1036.7,379.9,7.42,7.83,94.7,21.1,22.2,94.9,11.8,15.9,74.1,0.00,0.00,-0.00,0.07,1.72,0.00,0.00,1.54,Matches
97,Séamus Coleman\Seamus-Coleman,ie IRL,DF,Everton,32-148,1988,9.8,39.9,48.1,83.0,705.8,268.2,19.1,21.1,90.3,16.4,18.5,89.0,4.08,7.14,57.1,0.10,0.08,0.02,0.61,1.73,0.61,0.10,2.24,Matches
98,Aaron Connolly\Aaron-Connolly,ie IRL,FW,Brighton,21-039,2000,8.0,9.00,11.5,78.3,132.6,19.9,5.13,6.25,82.0,3.00,3.50,85.7,0.50,0.63,80.0,0.13,0.03,0.10,0.50,0.25,0.13,0.00,0.38,Matches
99,Liam Cooper\Liam-Cooper,sco SCO,DF,Leeds United,29-190,1991,19.8,58.0,66.0,88.0,1353.5,391.9,12.0,12.7,94.4,33.4,35.2,95.0,12.5,17.5,71.2,0.00,0.00,0.00,0.00,3.28,0.10,0.00,2.83,Matches
100,Jack Cork\Jack-Cork,eng ENG,MF,Burnley,31-256,1989,8.2,25.7,32.2,79.9,427.3,87.0,12.2,14.1,86.2,9.51,10.5,90.7,2.80,4.51,62.2,0.00,0.02,-0.02,0.37,1.95,0.24,0.00,2.32,Matches
101,Hélder Costa\Helder-Costa,pt POR,MF,Leeds United,27-055,1994,9.5,21.2,28.2,75.0,294.6,79.5,13.3,15.1,88.1,6.32,8.32,75.9,0.74,2.11,35.0,0.32,0.09,0.22,0.95,0.74,1.16,0.42,1.37,Matches
102,Vladimír Coufal\Vladimir-Coufal,cz CZE,DF,West Ham,28-198,1992,21.9,33.9,47.5,71.4,597.8,298.3,15.6,17.9,86.8,14.3,19.1,74.7,3.56,7.99,44.6,0.14,0.13,0.00,1.28,2.74,1.23,0.64,3.84,Matches
103,Aaron Cresswell\Aaron-Cresswell,eng ENG,DF,West Ham,31-083,1989,26.0,44.2,59.3,74.4,886.7,425.7,18.4,20.7,88.7,17.8,21.2,84.2,7.31,15.1,48.5,0.23,0.15,0.08,1.54,4.19,0.62,0.42,3.46,Matches
104,Patrick Cutrone\Patrick-Cutrone,it ITA,FWMF,Wolves,23-064,1998,0.3,13.3,16.7,80.0,223.3,6.67,6.67,10.0,66.7,6.67,6.67,100.0,0.00,0.00,,0.00,0.00,0.00,0.00,0.00,0.00,0.00,0.00,Matches
105,Stuart Dallas\Stuart-Dallas,nir NIR,DFMF,Leeds United,29-323,1991,25.9,51.9,62.9,82.4,885.3,289.2,26.7,29.5,90.6,19.9,23.7,84.0,4.75,7.92,60.0,0.08,0.06,0.02,0.66,3.78,1.04,0.27,4.79,Matches
106,Scott Dann\Scott-Dann,eng ENG,DF,Crystal Palace,34-022,1987,12.0,37.9,44.3,85.7,777.3,354.7,12.6,13.8,91.0,19.8,21.2,93.7,5.33,8.67,61.5,0.00,0.00,0.00,0.08,1.67,0.00,0.00,2.17,Matches
107,Karl Darlow\Karl-Darlow,eng ENG,GK,Newcastle Utd,30-151,1990,25.0,14.6,29.0,50.1,621.4,457.1,1.00,1.00,100.0,4.44,4.60,96.5,9.12,23.4,38.9,0.00,0.00,0.00,0.04,0.32,0.00,0.00,0.00,Matches
108,Ben Davies\Ben-Davies,wal WAL,DF,Tottenham,27-318,1993,14.6,40.6,52.1,78.0,725.2,278.0,17.7,19.6,90.2,18.8,22.1,84.8,3.56,8.56,41.6,0.07,0.04,0.03,0.48,2.74,0.62,0.27,2.81,Matches
109,Tom Davies\Tom-Davies,eng ENG,MFDF,Everton,22-251,1998,9.7,35.6,43.5,81.8,675.6,169.8,14.4,16.3,88.6,16.2,18.7,86.7,4.54,6.60,68.8,0.00,0.05,-0.05,0.31,2.27,0.72,0.21,2.68,Matches
110,Keinan Davis\Keinan-Davis,eng ENG,FW,Aston Villa,23-023,1998,0.8,30.0,40.0,75.0,385.0,75.0,18.8,21.3,88.2,10.0,15.0,66.7,0.00,0.00,,0.00,0.00,0.00,1.25,0.00,2.50,0.00,2.50,Matches
111,Leif Davis\Leif-Davis,eng ENG,DF,Leeds United,21-055,2000,0.4,42.5,50.0,85.0,952.5,395.0,12.5,12.5,100.0,25.0,27.5,90.9,5.00,10.0,50.0,0.00,0.00,0.00,0.00,0.00,2.50,0.00,2.50,Matches
112,Craig Dawson\Craig-Dawson,eng ENG,DF,West Ham,30-306,1990,11.0,26.2,32.9,79.6,628.5,175.6,5.09,5.45,93.3,14.5,16.0,90.3,6.55,11.3,58.1,0.00,0.00,0.00,0.09,1.91,0.00,0.00,1.45,Matches
113,Kevin De Bruyne\Kevin-De-Bruyne,be BEL,MF,Manchester City,29-253,1991,19.4,48.2,63.9,75.5,943.7,274.9,20.4,24.4,83.5,18.9,23.1,81.9,7.73,12.7,61.0,0.57,0.42,0.15,3.51,5.72,3.45,0.41,7.63,Matches
114,Liam Delap\Liam-Delap,eng ENG,FW,Manchester City,18-028,2003,0.4,12.5,17.5,71.4,112.5,0.00,10.0,15.0,66.7,0.00,0.00,,0.00,0.00,,0.00,0.00,0.00,0.00,0.00,0.00,0.00,0.00,Matches
115,Fabian Delph\Fabian-Delph,eng ENG,MFDF,Everton,31-107,1989,2.4,72.5,82.1,88.3,1262.9,345.8,33.8,36.3,93.1,31.3,33.3,93.8,6.67,10.8,61.5,0.00,0.00,0.00,0.42,5.83,0.42,0.00,6.25,Matches
116,Leander Dendoncker\Leander-Dendoncker,be BEL,MFDF,Wolves,25-327,1995,20.7,33.4,38.6,86.4,625.4,141.1,13.5,15.2,88.9,14.3,16.3,87.6,4.78,5.70,83.9,0.00,0.03,-0.03,0.77,2.13,0.24,0.10,2.08,Matches
117,Mbaye Diagne\Mbaye-Diagne,sn SEN,FW,West Brom,29-131,1991,7.1,11.0,14.4,76.5,170.0,24.9,6.76,7.46,90.6,3.10,5.07,61.1,0.99,1.55,63.6,0.14,0.07,0.07,0.70,0.99,0.14,0.14,0.85,Matches
118,Ibrahima Diallo\Ibrahima-Diallo,fr FRA,MF,Southampton,22-000,1999,5.9,43.6,52.2,83.4,771.4,177.5,19.7,22.2,88.5,19.2,21.5,89.0,3.90,7.46,52.3,0.00,0.03,-0.03,0.68,1.69,0.51,0.00,2.88,Matches
119,Grady Diangana\Grady-Diangana,eng ENG,MFFW,West Brom,22-323,1998,12.1,18.5,25.1,73.7,254.2,63.4,10.7,13.2,80.6,6.78,8.26,82.0,0.41,1.82,22.7,0.00,0.01,-0.01,0.33,1.16,0.50,0.00,1.90,Matches
120,Raphael Dias Belloli\Raphael-Dias-Belloli,br BRA,MF,Leeds United,24-084,1996,18.0,28.1,41.3,68.0,544.1,219.7,12.2,14.2,85.9,10.7,14.4,74.1,4.61,9.72,47.4,0.28,0.27,0.01,2.56,3.28,1.89,0.44,5.78,Matches
121,Rúben Dias\Ruben-Dias,pt POR,DF,Manchester City,23-298,1997,24.8,80.2,85.4,93.9,1725.3,453.3,20.6,21.7,95.0,45.2,46.7,96.7,13.9,16.3,85.6,0.00,0.00,-0.00,0.12,5.36,0.24,0.04,3.87,Matches
122,Eric Dier\Eric-Dier,eng ENG,DF,Tottenham,27-052,1994,21.0,48.3,57.6,83.9,1106.1,360.0,13.0,14.4,90.1,24.5,26.6,92.1,10.5,15.7,67.2,0.00,0.01,-0.01,0.14,2.48,0.24,0.00,2.33,Matches
123,Lucas Digne\Lucas-Digne,fr FRA,DFMF,Everton,27-231,1993,17.8,42.9,59.4,72.3,777.5,305.3,19.9,23.1,86.1,16.9,22.1,76.6,5.06,10.8,46.6,0.34,0.16,0.17,1.29,2.47,1.07,0.79,3.82,Matches
124,Virgil van Dijk\Virgil-van-Dijk,nl NED,DF,Liverpool,29-243,1991,4.1,72.0,79.8,90.2,1715.9,518.8,14.9,15.9,93.8,42.9,45.4,94.6,14.1,18.3,77.3,0.00,0.00,0.00,0.00,6.34,0.00,0.00,4.88,Matches
125,Issa Diop\Issa-Diop,fr FRA,DF,West Ham,24-058,1997,6.3,34.8,39.7,87.6,715.7,207.9,11.3,11.7,95.9,16.7,17.9,92.9,6.19,9.05,68.4,0.00,0.00,0.00,0.00,1.59,0.00,0.00,1.11,Matches
126,Moussa Djenepo\Moussa-Djenepo,ml MLI,MF,Southampton,22-266,1998,11.5,21.0,29.2,72.0,321.3,84.9,11.7,14.3,81.8,7.57,9.48,79.8,1.22,2.35,51.9,0.00,0.04,-0.04,0.52,1.39,0.96,0.09,1.74,Matches
127,Matt Doherty\Matt-Doherty,ie IRL,DF,Tottenham,29-051,1992,11.7,46.5,58.5,79.4,747.7,282.7,26.0,29.3,88.6,16.3,20.9,78.3,3.33,6.41,52.0,0.17,0.06,0.11,0.85,1.45,1.03,0.51,2.91,Matches
128,Gabriel Dos Santos\Gabriel-Dos-Santos,br BRA,DF,Arsenal,23-079,1997,14.2,61.7,71.3,86.6,1309.9,350.0,16.5,18.2,91.1,33.7,36.3,93.0,10.9,15.8,68.9,0.00,0.00,0.00,0.07,3.59,0.07,0.00,2.11,Matches
129,Abdoulaye Doucouré\Abdoulaye-Doucoure,fr FRA,MF,Everton,28-066,1993,23.7,41.9,48.9,85.8,717.3,151.6,19.7,22.4,88.3,17.0,18.9,90.2,3.97,5.19,76.4,0.13,0.10,0.03,0.76,2.66,0.72,0.04,2.24,Matches
130,Martin Dúbravka\Martin-Dubravka,sk SVK,GK,Newcastle Utd,32-052,1989,2.0,26.0,35.5,73.2,856.5,568.5,4.50,4.50,100.0,12.0,12.0,100.0,9.50,19.0,50.0,0.00,0.00,0.00,0.00,0.50,0.00,0.00,0.00,Matches
131,Paul Dummett\Paul-Dummett,wal WAL,DF,Newcastle Utd,29-163,1991,2.9,23.4,32.4,72.3,381.7,209.7,14.1,14.5,97.6,7.93,12.1,65.7,1.38,4.48,30.8,0.00,0.00,0.00,0.00,2.41,0.00,0.00,1.38,Matches
132,Lewis Dunk\Lewis-Dunk,eng ENG,DF,Brighton,29-107,1991,24.0,56.4,63.3,89.1,1292.8,350.7,14.5,15.4,94.1,29.2,30.8,95.0,12.2,16.3,74.7,0.00,0.02,-0.02,0.29,3.46,0.00,0.00,2.21,Matches
133,Jimmy Dunne\Jimmy-Dunne,ie IRL,DF,Burnley,23-140,1997,2.0,30.0,44.5,67.4,650.5,128.0,9.00,12.0,75.0,14.5,20.0,72.5,6.00,12.0,50.0,0.00,0.05,-0.05,1.00,0.00,0.50,0.00,0.50,Matches
134,Ederson\Ederson,br BRA,GK,Manchester City,27-203,1993,27.0,24.8,29.7,83.4,673.4,390.8,3.19,3.33,95.6,14.0,14.1,99.2,7.33,12.0,61.3,0.04,0.01,0.02,0.04,0.11,0.07,0.00,0.00,Matches
135,Kyle Edwards\Kyle-Edwards,eng ENG,MFFW,West Brom,23-019,1998,1.3,23.1,26.9,85.7,323.1,70.0,13.8,13.8,100.0,9.23,10.0,92.3,0.00,1.54,0.0,0.00,0.00,0.00,0.00,2.31,0.00,0.00,2.31,Matches
136,John Egan\John-Egan,ie IRL,DF,Sheffield Utd,28-139,1992,21.1,31.6,37.7,83.8,739.6,240.0,8.01,8.86,90.4,16.4,18.3,89.9,6.97,10.0,69.7,0.05,0.01,0.04,0.09,2.89,0.24,0.00,2.32,Matches
137,Ahmed Elmohamady\Ahmed-Elmohamady,eg EGY,DF,Aston Villa,33-180,1987,5.8,48.1,64.5,74.6,887.2,356.9,20.9,23.3,89.6,20.9,27.8,75.2,5.86,12.1,48.6,0.00,0.09,-0.09,1.38,3.45,2.41,1.03,4.14,Matches
138,Mohamed Elneny\Mohamed-Elneny,eg EGY,MF,Arsenal,28-240,1992,11.9,53.6,57.9,92.6,1043.4,216.3,20.7,21.8,94.6,25.0,26.3,95.2,7.48,8.82,84.8,0.00,0.02,-0.02,0.34,3.87,0.42,0.00,3.11,Matches
139,Jonny Evans\Jonny-Evans,nir NIR,DF,Leicester City,33-064,1988,21.5,52.1,60.4,86.2,1133.4,330.8,13.4,14.7,90.9,29.2,31.4,93.0,9.21,13.7,67.3,0.05,0.01,0.04,0.28,2.65,0.00,0.00,1.81,Matches
140,Eberechi Eze\Eberechi-Eze,eng ENG,MF,Crystal Palace,22-252,1998,21.0,31.5,40.0,78.7,492.0,147.1,18.2,20.4,89.0,9.71,12.1,80.0,2.52,5.57,45.3,0.14,0.08,0.06,1.29,2.48,1.10,0.14,4.00,Matches
141,Łukasz Fabiański\Lukasz-Fabianski,pl POL,GK,West Ham,35-324,1985,24.0,17.5,28.6,61.4,711.6,518.7,1.63,1.67,97.5,5.42,5.54,97.7,10.5,21.3,49.0,0.00,0.00,0.00,0.00,0.67,0.00,0.00,0.00,Matches
142,Fabinho\Fabinho,br BRA,DFMF,Liverpool,27-136,1993,18.5,72.9,79.5,91.8,1545.3,398.9,19.6,20.9,94.0,41.1,42.9,95.8,11.6,14.8,78.8,0.00,0.02,-0.02,0.16,3.57,0.16,0.05,3.35,Matches
143,Bruno Fernandes\Bruno-Fernandes,pt POR,MF,Manchester Utd,26-181,1994,26.4,48.5,65.8,73.7,940.6,277.8,22.8,27.2,83.7,17.0,21.2,80.2,7.88,13.7,57.5,0.38,0.36,0.02,2.88,5.42,2.84,0.27,6.89,Matches
144,Federico Fernández\Federico-Fernandez,ar ARG,DF,Newcastle Utd,32-015,1989,15.3,29.2,37.1,78.5,651.7,191.9,8.69,10.0,86.9,13.8,16.1,85.8,6.54,10.4,62.9,0.00,0.01,-0.01,0.20,0.92,0.13,0.07,0.98,Matches
145,Fernandinho\Fernandinho,br BRA,MF,Manchester City,35-308,1985,7.8,70.0,80.6,86.8,1321.0,322.2,30.8,33.8,90.9,29.9,33.3,89.6,8.85,12.3,71.9,0.00,0.04,-0.04,0.38,11.4,0.90,0.13,7.18,Matches
146,Sam Field\Sam-Field,eng ENG,MF,West Brom,22-304,1998,0.7,21.4,32.9,65.2,318.6,58.6,14.3,20.0,71.4,5.71,7.14,80.0,1.43,4.29,33.3,0.00,0.00,0.00,0.00,1.43,0.00,0.00,2.86,Matches
147,Roberto Firmino\Roberto-Firmino,br BRA,FW,Liverpool,29-157,1991,23.8,31.8,39.9,79.8,464.8,108.1,19.0,22.4,85.2,9.79,12.3,79.5,1.76,2.52,70.0,0.21,0.16,0.05,1.22,2.27,1.09,0.00,3.70,Matches
148,John Fleck\John-Fleck,sco SCO,MF,Sheffield Utd,29-196,1991,18.6,33.7,43.9,76.7,553.9,180.4,17.5,19.5,89.8,11.4,14.2,80.3,3.44,7.90,43.5,0.11,0.11,0.00,1.29,4.46,0.97,0.05,3.82,Matches
149,Phil Foden\Phil-Foden,eng ENG,FWMF,Manchester City,20-284,2000,13.9,37.8,46.4,81.4,570.3,116.4,22.7,25.1,90.3,11.9,14.4,83.0,2.23,4.75,47.0,0.22,0.24,-0.02,1.87,1.87,1.15,0.07,3.24,Matches
150,Wesley Fofana\Wesley-Fofana,fr FRA,DF,Leicester City,20-081,2000,16.7,54.3,62.6,86.7,1151.5,313.7,15.8,17.6,89.8,28.6,31.2,91.7,9.40,12.9,72.7,0.00,0.01,-0.01,0.24,3.83,0.06,0.00,3.05,Matches
151,Pablo Fornals\Pablo-Fornals,es ESP,FWMF,West Ham,25-014,1996,19.0,26.6,34.6,76.9,439.2,123.8,14.4,16.4,87.8,9.42,12.5,75.5,2.42,4.00,60.5,0.16,0.10,0.06,0.95,2.26,1.11,0.16,3.37,Matches
152,Fraser Forster\Fraser-Forster,eng ENG,GK,Southampton,32-356,1988,3.0,18.0,39.0,46.2,713.0,510.7,3.00,3.00,100.0,4.67,5.33,87.5,10.3,30.3,34.1,0.00,0.00,0.00,0.00,0.33,0.00,0.00,0.00,Matches
153,Timothy Fosu-Mensah\Timothy-Fosu-Mensah,nl NED,DF,Manchester Utd,23-065,1998,0.9,72.2,83.3,86.7,1188.9,286.7,33.3,37.8,88.2,35.6,37.8,94.1,3.33,6.67,50.0,0.00,0.33,-0.33,2.22,4.44,1.11,1.11,1.11,Matches
154,Ryan Fraser\Ryan-Fraser,sco SCO,FWMF,Newcastle Utd,27-012,1994,8.4,23.9,36.8,65.0,422.1,151.4,11.0,12.6,86.8,8.81,11.9,74.0,3.33,10.0,33.3,0.24,0.24,0.00,2.86,0.71,1.31,1.19,2.14,Matches
155,Fred\Fred,br BRA,MF,Manchester Utd,28-003,1993,19.4,55.2,63.5,87.0,1107.5,270.3,20.5,22.6,90.9,24.4,26.6,91.5,9.54,12.0,79.7,0.00,0.10,-0.10,0.88,6.34,0.72,0.00,5.52,Matches
156,Ryan Fredericks\Ryan-Fredericks,eng ENG,DFFW,West Ham,28-149,1992,4.9,32.0,44.7,71.7,480.6,169.6,18.6,21.8,85.0,11.2,16.3,68.8,1.43,4.29,33.3,0.20,0.24,-0.04,2.45,1.63,2.24,1.43,2.65,Matches
157,Christian Fuchs\Christian-Fuchs,at AUT,DF,Leicester City,34-335,1986,7.8,61.3,75.5,81.2,1165.1,449.1,26.2,29.4,89.1,27.9,32.8,85.2,7.05,11.9,59.1,0.00,0.00,0.00,0.13,5.38,0.26,0.13,4.23,Matches
158,Darnell Furlong\Darnell-Furlong,eng ENG,DF,West Brom,25-128,1995,22.6,22.4,37.5,59.7,413.1,181.2,10.4,13.2,78.9,8.58,14.2,60.4,3.01,8.54,35.2,0.09,0.08,0.01,0.62,1.73,0.62,0.49,2.43,Matches
159,Conor Gallagher\Conor-Gallagher,eng ENG,MF,West Brom,21-030,2000,20.9,28.2,35.2,80.1,507.1,108.9,13.3,15.4,86.3,10.8,12.1,89.3,3.44,6.03,57.1,0.10,0.04,0.06,0.57,2.92,0.62,0.10,1.96,Matches
160,Eric García\Eric-Garcia,es ESP,DF,Manchester City,20-058,2001,2.2,94.5,100.5,94.1,1902.3,551.4,30.9,32.7,94.4,50.5,51.8,97.4,12.7,15.5,82.4,0.00,0.05,-0.05,0.91,9.09,0.00,0.00,5.45,Matches
161,Dwight Gayle\Dwight-Gayle,eng ENG,FWMF,Newcastle Utd,30-142,1990,2.3,15.2,20.0,76.1,206.5,26.5,9.13,10.4,87.5,5.65,7.83,72.2,0.00,0.87,0.0,0.00,0.04,-0.04,0.87,0.00,0.43,0.00,0.87,Matches
162,David de Gea\David-de-Gea,es ESP,GK,Manchester Utd,30-121,1990,23.5,17.4,22.7,76.8,456.5,275.8,5.02,5.06,99.2,6.89,7.19,95.9,5.40,10.3,52.5,0.00,0.00,0.00,0.00,0.13,0.00,0.00,0.00,Matches
163,Anwar El Ghazi\Anwar-El-Ghazi,nl NED,FW,Aston Villa,25-309,1995,9.0,24.8,36.1,68.6,394.3,124.2,14.4,17.9,80.7,6.67,9.44,70.6,2.56,6.00,42.6,0.00,0.19,-0.19,1.89,1.67,1.44,0.67,2.89,Matches
164,Kieran Gibbs\Kieran-Gibbs,eng ENG,DF,West Brom,31-163,1989,9.0,24.8,34.6,71.7,436.6,159.6,11.4,13.0,88.0,10.8,14.8,72.9,2.33,6.00,38.9,0.00,0.03,-0.03,0.33,1.67,0.33,0.33,1.78,Matches
165,Morgan Gibbs-White\Morgan-Gibbs-White,eng ENG,FWMF,Wolves,21-040,2000,1.1,40.0,50.9,78.6,595.5,126.4,25.5,29.1,87.5,10.9,11.8,92.3,2.73,7.27,37.5,0.00,0.09,-0.09,2.73,2.73,0.00,0.00,4.55,Matches
166,Billy Gilmour\Billy-Gilmour,sco SCO,MF,Chelsea,19-270,2001,0.4,75.0,90.0,83.3,1682.5,147.5,20.0,22.5,88.9,32.5,45.0,72.2,20.0,20.0,100.0,0.00,0.00,0.00,0.00,5.00,0.00,0.00,0.00,Matches
167,Olivier Giroud\Olivier-Giroud,fr FRA,FW,Chelsea,34-159,1986,7.9,19.0,25.2,75.4,227.6,27.7,13.5,17.2,78.7,3.04,4.43,68.6,0.76,0.76,100.0,0.00,0.09,-0.09,0.89,0.76,0.13,0.00,0.76,Matches
168,Ben Godfrey\Ben-Godfrey,eng ENG,DF,Everton,23-052,1998,18.7,35.5,42.1,84.1,685.5,175.3,12.3,14.1,87.5,17.8,19.6,90.7,4.33,6.58,65.9,0.05,0.00,0.05,0.00,2.14,0.16,0.05,1.55,Matches
169,André Gomes\Andre-Gomes,pt POR,MF,Everton,27-221,1993,13.3,42.9,51.3,83.6,847.8,196.8,18.1,20.8,87.0,16.8,18.7,89.6,7.07,9.92,71.2,0.08,0.02,0.05,0.68,4.51,0.68,0.08,4.21,Matches
170,Joe Gomez\Joe-Gomez,eng ENG,DF,Liverpool,23-289,1997,6.6,72.9,80.8,90.2,1723.3,464.5,15.0,16.1,93.4,42.4,45.2,94.0,14.8,18.5,80.3,0.00,0.00,0.00,0.15,4.55,0.00,0.00,5.76,Matches
171,Anthony Gordon\Anthony-Gordon,eng ENG,FWMF,Everton,20-012,2001,1.0,22.0,26.0,84.6,365.0,94.0,12.0,13.0,92.3,8.00,8.00,100.0,2.00,4.00,50.0,0.00,0.00,0.00,1.00,1.00,2.00,0.00,3.00,Matches
172,Karlan Grant\Karlan-Grant,eng ENG,FWMF,West Brom,23-171,1997,12.1,13.2,18.2,72.7,190.5,26.4,7.44,9.42,78.9,4.55,5.29,85.9,0.66,1.24,53.3,0.00,0.00,0.00,0.00,0.41,0.41,0.00,0.74,Matches
173,Demarai Gray\Demarai-Gray,eng ENG,FW,Leicester City,24-253,1996,0.2,35.0,60.0,58.3,435.0,70.0,25.0,25.0,100.0,10.0,10.0,100.0,0.00,5.00,0.0,0.00,0.00,0.00,0.00,5.00,0.00,0.00,5.00,Matches
174,Jack Grealish\Jack-Grealish,eng ENG,FWMF,Aston Villa,25-179,1995,22.0,35.6,45.5,78.1,610.3,211.5,18.1,21.5,84.4,12.4,14.5,85.0,3.95,6.55,60.4,0.45,0.37,0.09,3.45,3.32,2.86,0.18,6.82,Matches
175,Mason Greenwood\Mason-Greenwood,eng ENG,FW,Manchester Utd,19-158,2001,13.4,29.3,34.9,83.8,476.6,76.6,16.8,18.4,91.1,9.63,11.3,84.9,2.31,3.73,62.0,0.07,0.06,0.01,0.67,1.19,0.82,0.15,2.01,Matches
176,Pascal Groß\Pascal-Gross,de GER,MF,Brighton,29-266,1991,16.9,46.9,61.7,76.0,963.1,268.9,18.7,22.4,83.6,19.0,22.5,84.5,8.70,15.4,56.5,0.24,0.26,-0.02,2.90,3.79,2.01,0.77,5.03,Matches
177,Kamil Grosicki\Kamil-Grosicki,pl POL,FWMF,West Brom,32-273,1988,1.6,20.0,30.6,65.3,332.5,106.9,8.13,10.0,81.3,9.38,12.5,75.0,1.25,6.25,20.0,0.63,0.06,0.56,1.88,2.50,0.63,0.00,3.13,Matches
178,Vicente Guaita\Vicente-Guaita,es ESP,GK,Crystal Palace,34-057,1987,28.0,15.9,28.5,55.7,593.9,419.0,2.14,2.18,98.4,5.25,5.43,96.7,8.43,20.8,40.5,0.00,0.00,0.00,0.00,0.29,0.00,0.00,0.00,Matches
179,İlkay Gündoğan\Ilkay-Gundogan,de GER,MF,Manchester City,30-135,1990,18.3,65.2,72.4,90.1,1091.3,207.0,33.3,35.5,94.0,25.5,27.7,92.1,5.19,7.10,73.1,0.05,0.19,-0.14,1.69,5.85,1.42,0.00,5.41,Matches
180,Antwoine Hackford\Antwoine-Hackford,eng ENG,DFFW,Sheffield Utd,16-353,2004,0.1,10.0,10.0,100.0,40.0,0.00,0.00,0.00,,0.00,0.00,,0.00,0.00,,0.00,0.00,0.00,0.00,0.00,0.00,0.00,0.00,Matches
181,Sébastien Haller\Sebastien-Haller,ci CIV,FW,West Ham,26-259,1994,10.4,16.4,24.2,67.9,264.3,50.5,9.52,13.2,72.3,4.52,6.25,72.3,1.63,2.69,60.7,0.00,0.12,-0.12,0.87,1.25,0.48,0.10,1.83,Matches
182,Rekeem Harper\Rekeem-Harper,eng ENG,MF,West Brom,21-000,2000,0.4,32.5,40.0,81.3,605.0,82.5,12.5,15.0,83.3,17.5,17.5,100.0,2.50,7.50,33.3,0.00,0.00,0.00,0.00,5.00,0.00,0.00,2.50,Matches
183,Jack Harrison\Jack-Harrison,eng ENG,MF,Leeds United,24-108,1996,21.7,25.7,37.2,69.0,436.1,139.1,13.0,16.5,79.0,10.1,12.9,78.2,2.26,5.58,40.5,0.18,0.20,-0.02,1.89,1.11,2.12,0.55,3.46,Matches
184,Kortney Hause\Kortney-Hause,eng ENG,DF,Aston Villa,25-235,1995,4.0,26.3,35.3,74.5,577.0,154.0,5.50,7.25,75.9,15.8,18.5,85.1,4.50,8.50,52.9,0.00,0.00,0.00,0.00,2.00,0.00,0.00,1.50,Matches
185,Kai Havertz\Kai-Havertz,de GER,MFFW,Chelsea,21-270,1999,11.0,42.1,49.5,85.0,621.5,100.6,24.6,27.3,90.3,13.1,15.3,85.7,2.73,3.55,76.9,0.18,0.12,0.06,1.18,2.91,1.18,0.18,2.91,Matches
186,Isaac Hayden\Isaac-Hayden,eng ENG,MFDF,Newcastle Utd,25-351,1995,20.1,29.3,36.8,79.6,567.1,130.0,11.1,13.0,85.1,14.2,16.4,86.9,3.83,5.72,67.0,0.00,0.01,-0.01,0.20,2.24,0.10,0.05,1.89,Matches
187,Michael Hector\Michael-Hector,jm JAM,DF,Fulham,28-232,1992,2.9,47.9,60.3,79.4,1201.7,452.8,7.24,8.62,84.0,26.9,28.6,94.0,13.4,22.1,60.9,0.00,0.00,0.00,0.34,3.45,0.34,0.00,3.79,Matches
188,Ahmed Hegazi\Ahmed-Hegazi,eg EGY,DF,West Brom,30-042,1991,1.0,37.0,52.0,71.2,829.0,381.0,11.0,13.0,84.6,18.0,25.0,72.0,8.00,13.0,61.5,0.00,0.00,0.00,0.00,1.00,0.00,0.00,2.00,Matches
189,Dean Henderson\Dean-Henderson,eng ENG,GK,Manchester Utd,23-361,1997,4.5,17.3,24.0,72.2,383.8,187.3,5.33,5.33,100.0,8.22,8.22,100.0,3.78,10.2,37.0,0.00,0.00,0.00,0.00,0.00,0.00,0.00,0.00,Matches
190,Jordan Henderson\Jordan-Henderson,eng ENG,MFDF,Liverpool,30-264,1990,18.9,83.2,96.0,86.7,1734.6,454.8,27.3,29.7,92.0,41.3,43.8,94.4,13.7,20.6,66.4,0.05,0.07,-0.02,0.63,10.8,1.59,0.05,7.67,Matches
191,Jeff Hendrick\Jeff-Hendrick,ie IRL,MF,Newcastle Utd,29-036,1992,15.1,27.0,33.6,80.1,476.0,113.6,12.1,14.4,84.3,11.1,12.5,89.4,3.05,4.64,65.7,0.07,0.05,0.02,0.26,1.79,0.33,0.07,2.32,Matches
192,Pablo Hernández\Pablo-Hernandez,es ESP,MF,Leeds United,35-331,1985,3.8,61.6,82.6,74.5,1202.1,397.6,25.3,31.1,81.4,25.8,31.8,81.0,9.74,14.7,66.1,0.53,0.16,0.37,1.32,9.74,2.89,0.26,13.2,Matches
193,Son Heung-min\Son-Heung-min,kr KOR,FW,Tottenham,28-243,1992,25.9,24.9,32.9,75.8,399.3,94.0,13.7,16.1,85.3,7.53,9.58,78.6,2.55,5.21,48.9,0.35,0.29,0.06,2.12,0.93,0.77,0.08,1.85,Matches
194,Ki-Jana Hoever\Ki-Jana-Hoever,nl NED,DF,Wolves,19-049,2002,4.4,39.1,52.3,74.8,650.9,230.2,20.5,23.0,89.1,15.0,21.6,69.5,2.95,5.23,56.5,0.00,0.02,-0.02,0.45,1.82,0.68,0.23,2.27,Matches
195,Rob Holding\Rob-Holding,eng ENG,DF,Arsenal,25-169,1995,20.4,55.0,61.9,88.8,1246.6,340.0,13.8,14.5,95.3,29.9,32.1,93.1,11.1,14.9,74.9,0.05,0.01,0.04,0.20,3.87,0.29,0.00,3.68,Matches
196,Mason Holgate\Mason-Holgate,eng ENG,DF,Everton,24-137,1996,15.8,38.7,49.8,77.6,867.0,300.7,9.94,11.4,87.2,21.3,25.1,84.8,7.28,12.2,59.6,0.00,0.01,-0.01,0.32,2.22,0.57,0.25,2.66,Matches
197,Conor Hourihane\Conor-Hourihane,ie IRL,MF,Aston Villa,30-034,1991,2.5,46.4,62.0,74.8,1001.2,222.8,12.4,14.0,88.6,20.8,25.6,81.3,10.8,18.4,58.7,0.40,0.32,0.08,1.60,7.20,0.80,0.40,3.60,Matches
198,Callum Hudson-Odoi\Callum-Hudson-Odoi,eng ENG,FWDF,Chelsea,20-121,2000,9.1,44.1,54.3,81.2,743.6,175.5,25.1,28.4,88.4,13.4,16.0,83.6,5.05,8.02,63.0,0.22,0.25,-0.03,2.64,1.87,2.86,0.99,4.29,Matches
199,Niall Huggins\Niall-Huggins,wal WAL,DF,Leeds United,20-080,2000,0.4,42.5,57.5,73.9,600.0,142.5,27.5,35.0,78.6,15.0,15.0,100.0,0.00,7.50,0.0,0.00,0.00,0.00,0.00,2.50,0.00,0.00,0.00,Matches
200,Pierre Højbjerg\Pierre-Hojbjerg,dk DEN,MF,Tottenham,25-215,1995,27.0,63.6,71.6,88.7,1203.9,321.7,25.2,27.8,90.7,28.8,31.5,91.3,8.56,11.0,78.0,0.11,0.05,0.06,0.44,6.56,0.48,0.04,5.15,Matches
201,Odion Ighalo\Odion-Ighalo,ng NGA,FW,Manchester Utd,31-265,1989,0.1,10.0,10.0,100.0,70.0,0.00,10.0,10.0,100.0,0.00,0.00,,0.00,0.00,,0.00,0.00,0.00,0.00,0.00,0.00,0.00,0.00,Matches
202,Kelechi Iheanacho\Kelechi-Iheanacho,ng NGA,FW,Leicester City,24-156,1996,7.1,20.4,25.5,80.1,296.1,43.4,12.8,14.4,89.2,5.77,7.18,80.4,1.27,2.68,47.4,0.00,0.13,-0.13,1.13,1.69,0.85,0.00,1.55,Matches
203,Danny Ings\Danny-Ings,eng ENG,FW,Southampton,28-228,1992,18.7,13.7,21.2,64.6,204.8,56.3,8.02,10.5,76.1,4.01,6.20,64.7,1.12,2.46,45.7,0.16,0.11,0.05,0.91,0.96,0.80,0.27,1.87,Matches
204,Branislav Ivanović\Branislav-Ivanovic,rs SRB,DF,West Brom,37-014,1984,8.4,31.5,36.8,85.8,710.2,169.8,7.86,8.69,90.4,17.5,19.3,90.7,6.19,8.45,73.2,0.00,0.01,-0.01,0.12,1.31,0.36,0.00,1.19,Matches
205,Alex Iwobi\Alex-Iwobi,ng NGA,FWDF,Everton,24-309,1996,13.1,30.8,40.8,75.5,555.4,171.1,12.7,14.7,86.5,13.3,17.0,78.0,3.74,6.41,58.3,0.15,0.13,0.02,0.92,1.60,1.83,0.61,3.97,Matches
206,Phil Jagielka\Phil-Jagielka,eng ENG,DF,Sheffield Utd,38-203,1982,4.8,23.1,30.8,75.0,596.0,129.4,6.25,7.29,85.7,8.75,11.0,79.2,7.71,11.7,66.1,0.00,0.00,0.00,0.00,0.83,0.00,0.00,1.04,Matches
207,Alireza Jahanbakhsh\Alireza-Jahanbakhsh,ir IRN,FWMF,Brighton,27-209,1993,2.9,29.3,40.0,73.3,461.0,105.2,14.1,16.6,85.4,10.0,13.4,74.4,3.10,5.17,60.0,0.34,0.62,-0.28,2.41,1.03,2.76,1.03,2.76,Matches
208,Daniel James\Daniel-James,wal WAL,FW,Manchester Utd,23-118,1997,7.1,23.9,31.3,76.6,334.8,82.3,14.8,18.2,81.4,7.46,9.44,79.1,0.56,0.85,66.7,0.00,0.04,-0.04,0.70,0.70,1.13,0.28,2.54,Matches
209,Reece James\Reece-James,eng ENG,DF,Chelsea,21-090,1999,17.9,63.3,75.6,83.7,1205.1,295.7,26.1,28.5,91.6,28.7,32.2,89.1,7.93,12.8,62.0,0.11,0.12,-0.01,1.40,3.30,2.07,1.17,4.86,Matches
210,Alexandre Jankewitz\Alexandre-Jankewitz,ch SUI,MF,Southampton,19-073,2001,0.0,2,3,66.7,31,25,1,1,100.0,1,1,100.0,0,0,,0,0.0,0.0,0,0,1,0,1,Matches
211,Gabriel Jesus\Gabriel-Jesus,br BRA,FW,Manchester City,23-339,1997,15.5,25.4,30.3,83.8,330.9,34.3,16.5,18.6,88.6,5.87,6.97,84.3,1.16,1.81,64.3,0.19,0.17,0.03,1.23,0.90,0.52,0.00,1.03,Matches
212,Raúl Jiménez\Raul-Jimenez,mx MEX,FW,Wolves,29-307,1991,9.1,22.7,28.9,78.7,356.2,61.6,13.8,16.5,84.0,5.71,7.03,81.3,2.42,3.52,68.8,0.00,0.09,-0.09,0.88,1.76,0.99,0.00,2.09,Matches
213,Joelinton\Joelinton,br BRA,FWMF,Newcastle Utd,24-206,1996,15.1,21.5,29.2,73.7,302.7,58.7,13.5,16.2,83.3,6.36,8.74,72.7,0.99,1.79,55.6,0.13,0.09,0.05,0.79,0.93,0.46,0.07,1.13,Matches
214,Ben Johnson\Ben-Johnson,eng ENG,DF,West Ham,21-043,2000,3.6,24.7,33.3,74.2,386.9,168.3,15.0,16.4,91.5,6.39,9.72,65.7,2.22,5.00,44.4,0.00,0.00,0.00,0.28,2.22,0.00,0.00,2.22,Matches
215,Sam Johnstone\Sam-Johnstone,eng ENG,GK,West Brom,27-348,1993,27.0,17.7,34.3,51.8,729.4,494.9,1.52,1.52,100.0,5.30,5.56,95.3,10.9,27.1,40.3,0.00,0.00,0.00,0.00,0.70,0.00,0.00,0.00,Matches
216,Curtis Jones\Curtis-Jones,eng ENG,MF,Liverpool,20-037,2001,12.1,67.9,74.3,91.3,1150.0,243.7,32.6,34.9,93.4,27.4,28.8,95.1,6.61,8.18,80.8,0.08,0.09,-0.01,0.99,7.85,1.82,0.17,5.37,Matches
217,Jorginho\Jorginho,it ITA,MF,Chelsea,29-078,1991,14.0,68.7,77.1,89.1,1258.8,295.2,30.5,33.2,91.8,29.5,32.2,91.6,7.64,10.0,76.4,0.07,0.10,-0.03,1.07,6.86,0.86,0.00,4.79,Matches
218,Willian José\Willian-Jose,br BRA,FW,Wolves,29-105,1991,6.6,18.5,22.1,83.6,325.0,37.3,9.24,10.8,85.9,6.21,7.12,87.2,2.27,2.42,93.8,0.00,0.05,-0.05,0.91,0.91,0.15,0.00,1.06,Matches
219,Diogo Jota\Diogo-Jota,pt POR,FW,Liverpool,24-094,1996,6.9,29.6,37.1,79.7,476.5,111.7,16.5,18.8,87.7,10.4,13.2,79.1,2.17,3.33,65.2,0.00,0.19,-0.19,1.01,3.04,0.72,0.00,3.77,Matches
220,James Justin\James-Justin,eng ENG,DF,Leicester City,23-013,1998,23.0,43.0,54.3,79.2,717.0,240.3,21.5,24.2,89.0,18.0,21.7,83.0,2.91,6.04,48.2,0.04,0.07,-0.03,0.78,2.43,1.43,0.30,4.00,Matches
221,Ozan Kabak\Ozan-Kabak,tr TUR,DF,Liverpool,20-348,2000,4.0,61.8,67.3,91.8,1338.5,332.0,19.5,20.5,95.1,31.0,32.0,96.9,11.3,14.8,76.3,0.00,0.00,0.00,0.00,2.25,0.00,0.00,2.00,Matches
222,Aboubakar Kamara\Aboubakar-Kamara,fr FRA,FWDF,Fulham,26-001,1995,3.5,26.3,36.6,71.9,429.7,116.9,13.1,16.3,80.7,10.0,11.7,85.4,2.00,6.00,33.3,0.00,0.11,-0.11,1.71,1.14,1.14,0.29,3.14,Matches
223,Harry Kane\Harry-Kane,eng ENG,FW,Tottenham,27-223,1993,24.3,19.2,26.8,71.5,376.3,126.6,8.35,10.7,78.1,7.16,9.34,76.7,3.17,5.02,63.1,0.53,0.26,0.28,1.48,3.37,1.32,0.25,4.36,Matches
224,N'Golo Kanté\NGolo-Kante,fr FRA,MF,Chelsea,29-344,1991,20.0,55.1,63.5,86.8,1036.6,226.6,21.8,24.4,89.5,26.1,28.8,90.8,6.15,8.25,74.5,0.10,0.05,0.05,0.90,4.30,0.55,0.05,4.20,Matches
225,Moise Kean\Moise-Kean,it ITA,FW,Everton,21-008,2000,0.2,35.0,45.0,77.8,620.0,0.00,10.0,15.0,66.7,20.0,20.0,100.0,5.00,5.00,100.0,0.00,0.00,0.00,0.00,0.00,0.00,0.00,0.00,Matches
226,Michael Keane\Michael-Keane,eng ENG,DF,Everton,28-056,1993,23.2,52.0,58.8,88.6,1176.0,369.1,11.5,12.6,91.4,30.1,31.7,95.1,9.57,13.3,72.1,0.04,0.03,0.01,0.22,3.23,0.13,0.00,2.72,Matches
227,Neeskens Kebano\Neeskens-Kebano,cd COD,FWMF,Fulham,28-363,1992,1.3,25.4,32.3,78.6,314.6,76.2,19.2,19.2,100.0,4.62,8.46,54.5,0.77,2.31,33.3,0.00,0.00,0.00,0.00,0.77,0.00,0.00,1.54,Matches
228,Naby Keïta\Naby-Keita,gn GUI,MF,Liverpool,26-026,1995,5.5,55.5,63.1,87.9,954.7,208.5,25.1,28.9,86.8,24.0,25.5,94.3,4.91,6.18,79.4,0.00,0.11,-0.11,0.73,5.27,1.82,0.18,5.64,Matches
229,Caoimhín Kelleher\Caoimhin-Kelleher,ie IRL,GK,Liverpool,22-105,1998,2.0,25.5,31.0,82.3,729.5,366.0,3.00,3.00,100.0,13.0,13.0,100.0,9.50,15.0,63.3,0.00,0.00,0.00,0.00,0.00,0.00,0.00,0.00,Matches
230,Jonjoe Kenny\Jonjoe-Kenny,eng ENG,DF,Everton,23-358,1997,0.9,52.2,67.8,77.0,870.0,245.6,31.1,32.2,96.6,14.4,22.2,65.0,6.67,8.89,75.0,0.00,0.00,0.00,0.00,3.33,1.11,0.00,4.44,Matches
231,Reda Khadra\Reda-Khadra,de GER,FW,Brighton,19-247,2001,0.1,0.00,10.0,0.0,0.00,0.00,0.00,10.0,0.0,0.00,0.00,,0.00,0.00,,0.00,0.00,0.00,0.00,0.00,0.00,0.00,0.00,Matches
232,Max Kilman\Max-Kilman,eng ENG,DF,Wolves,23-289,1997,12.5,43.4,49.4,87.7,810.5,291.0,16.8,17.8,94.6,22.3,24.2,92.4,3.92,6.88,57.0,0.08,0.04,0.04,0.32,3.92,0.08,0.00,2.72,Matches
233,Joshua King\Joshua-King,no NOR,MFFW,Everton,29-052,1992,0.9,13.3,22.2,60.0,173.3,21.1,7.78,14.4,53.8,5.56,5.56,100.0,0.00,1.11,0.0,0.00,0.00,0.00,0.00,0.00,0.00,0.00,1.11,Matches
234,Mateusz Klich\Mateusz-Klich,pl POL,MF,Leeds United,30-268,1990,22.5,46.7,58.7,79.5,812.2,212.5,22.4,25.7,87.0,17.3,20.6,84.1,5.42,8.89,61.0,0.22,0.16,0.07,1.78,4.22,1.73,0.27,5.82,Matches
235,Robin Koch\Robin-Koch,de GER,DF,Leeds United,24-234,1996,10.1,57.2,66.6,85.9,1225.8,371.1,12.0,14.0,85.8,36.3,38.3,94.8,8.22,13.2,62.4,0.00,0.02,-0.02,0.40,3.17,0.20,0.00,3.76,Matches
236,Sead Kolašinac\Sead-Kolasinac,ba BIH,DF,Arsenal,27-261,1993,1.0,54.0,64.0,84.4,801.0,177.0,30.0,35.0,85.7,22.0,24.0,91.7,1.00,3.00,33.3,0.00,0.00,0.00,0.00,3.00,1.00,0.00,4.00,Matches
237,Ezri Konsa\Ezri-Konsa,eng ENG,DF,Aston Villa,23-136,1997,23.5,29.7,34.3,86.5,682.1,152.1,6.60,7.57,87.1,17.2,18.6,92.9,5.66,7.79,72.7,0.00,0.00,0.00,0.00,1.15,0.04,0.00,0.85,Matches
238,Cheikhou Kouyaté\Cheikhou-Kouyate,sn SEN,DF,Crystal Palace,31-077,1989,24.7,30.0,38.1,78.9,615.8,186.5,10.6,12.6,84.8,13.4,15.4,87.1,5.55,9.19,60.4,0.00,0.00,-0.00,0.12,1.05,0.08,0.04,1.01,Matches
239,Mateo Kovačić\Mateo-Kovacic,hr CRO,MF,Chelsea,26-306,1994,16.0,76.1,83.0,91.6,1486.7,347.9,29.7,31.8,93.5,34.2,36.1,94.6,11.2,13.5,82.9,0.06,0.09,-0.03,1.06,8.19,1.06,0.00,7.69,Matches
240,Emil Krafth\Emil-Krafth,se SWE,DF,Newcastle Utd,26-218,1994,8.7,28.2,40.9,68.8,452.0,214.9,14.7,17.9,82.1,10.0,14.8,67.4,2.53,5.98,42.3,0.00,0.01,-0.01,0.46,1.26,0.11,0.11,1.61,Matches
241,Filip Krovinović\Filip-Krovinovic,hr CRO,MF,West Brom,25-191,1995,6.1,50.5,59.8,84.4,875.1,247.7,23.0,25.6,89.7,20.8,24.1,86.4,5.08,7.21,70.5,0.00,0.05,-0.05,0.82,6.07,1.15,0.00,6.56,Matches
242,Alexandre Lacazette\Alexandre-Lacazette,fr FRA,FW,Arsenal,29-284,1991,16.0,18.1,23.4,77.1,268.2,52.8,9.88,12.4,79.4,6.13,7.19,85.2,1.13,2.00,56.3,0.13,0.12,0.01,0.88,1.00,1.00,0.00,2.13,Matches
243,Adam Lallana\Adam-Lallana,eng ENG,MFFW,Brighton,32-302,1988,11.2,37.2,46.0,81.0,560.3,126.3,20.2,22.9,88.3,12.7,15.6,81.1,2.68,4.29,62.5,0.09,0.23,-0.14,1.96,2.95,1.61,0.27,3.66,Matches
244,Érik Lamela\Erik-Lamela,ar ARG,FWMF,Tottenham,29-004,1992,6.0,36.8,47.2,78.1,632.7,129.5,18.3,21.3,85.9,13.0,15.3,84.8,4.83,7.67,63.0,0.00,0.15,-0.15,1.00,2.67,1.17,0.00,3.33,Matches
245,Tariq Lamptey\Tariq-Lamptey,eng ENG,DF,Brighton,20-159,2000,9.8,39.8,51.0,78.0,647.6,174.6,21.3,23.9,89.3,14.4,19.2,75.0,3.27,5.71,57.1,0.10,0.11,-0.01,1.12,1.22,1.22,0.71,2.76,Matches
246,Manuel Lanzini\Manuel-Lanzini,ar ARG,MFFW,West Ham,28-021,1993,4.2,42.1,49.8,84.7,695.0,133.1,22.6,26.0,87.2,16.4,18.1,90.8,2.62,4.52,57.9,0.24,0.14,0.10,1.90,2.86,0.95,0.00,2.62,Matches
247,Aymeric Laporte\Aymeric-Laporte,fr FRA,DF,Manchester City,26-285,1994,9.4,78.6,86.5,90.9,1576.6,441.6,25.9,27.6,93.8,41.5,43.6,95.1,11.0,14.3,76.9,0.00,0.02,-0.02,0.21,6.70,0.11,0.00,4.15,Matches
248,Jamaal Lascelles\Jamaal-Lascelles,eng ENG,DF,Newcastle Utd,27-117,1993,15.1,27.2,33.4,81.4,593.5,180.5,7.28,8.08,90.2,15.0,16.6,90.8,4.64,8.28,56.0,0.00,0.00,0.00,0.07,1.66,0.20,0.00,1.72,Matches
249,Maxime Le Marchand\Maxime-Le-Marchand,fr FRA,DF,Fulham,31-148,1989,1.4,55.7,58.6,95.1,1315.0,458.6,12.9,12.9,100.0,30.7,32.1,95.6,11.4,12.9,88.9,0.00,0.00,0.00,0.00,2.14,0.71,0.00,4.29,Matches
250,Mario Lemina\Mario-Lemina,ga GAB,MF,Fulham,27-188,1993,11.4,42.7,49.4,86.5,857.9,199.6,14.9,16.8,88.5,20.4,22.7,90.0,6.23,8.51,73.2,0.00,0.04,-0.04,0.53,3.42,0.70,0.09,3.07,Matches
251,Bernd Leno\Bernd-Leno,de GER,GK,Arsenal,29-004,1992,25.8,28.0,34.5,81.1,660.6,329.7,7.87,7.87,100.0,14.1,14.2,99.5,5.78,12.2,47.5,0.00,0.00,0.00,0.00,0.16,0.00,0.00,0.08,Matches
252,Jamal Lewis\Jamal-Lewis,nir NIR,DF,Newcastle Utd,23-042,1998,20.3,31.1,40.9,76.1,543.4,223.1,14.8,16.8,88.0,12.3,15.2,80.6,3.40,6.85,49.6,0.05,0.08,-0.03,0.74,1.67,0.79,0.49,1.58,Matches
253,Victor Lindelöf\Victor-Lindelof,se SWE,DF,Manchester Utd,26-234,1994,20.7,57.3,63.0,91.0,1117.5,354.5,19.2,20.4,93.9,31.5,32.9,95.6,6.14,8.45,72.6,0.05,0.02,0.02,0.24,3.57,0.14,0.00,3.04,Matches
254,Jesse Lingard\Jesse-Lingard,eng ENG,FWMF,West Ham,28-083,1992,4.9,29.8,37.3,79.8,494.9,140.6,16.5,18.4,90.0,8.37,10.2,82.0,3.67,5.92,62.1,0.20,0.06,0.14,0.82,3.47,1.22,0.61,3.67,Matches
255,Jake Livermore\Jake-Livermore,eng ENG,MF,West Brom,31-114,1989,13.6,20.6,27.6,74.5,360.5,83.2,9.12,11.1,82.1,8.09,10.7,75.9,2.57,4.41,58.3,0.00,0.01,-0.01,0.37,2.13,0.15,0.07,1.76,Matches
256,Diego Llorente\Diego-Llorente,es ESP,DF,Leeds United,27-204,1993,3.0,49.0,61.3,79.9,1115.3,295.3,8.00,9.67,82.8,33.0,38.0,86.8,7.67,12.0,63.9,0.00,0.03,-0.03,0.33,1.67,0.00,0.00,2.00,Matches
257,Hugo Lloris\Hugo-Lloris,fr FRA,GK,Tottenham,34-072,1986,27.0,19.5,27.6,70.8,569.6,366.6,5.22,5.26,99.3,6.81,6.93,98.4,7.37,15.3,48.3,0.00,0.00,0.00,0.00,0.07,0.00,0.00,0.00,Matches
258,Giovani Lo Celso\Giovani-Lo-Celso,ar ARG,MFFW,Tottenham,24-333,1996,4.9,36.3,49.2,73.9,682.4,173.3,17.1,20.0,85.7,12.2,16.1,75.9,6.33,10.4,60.8,0.20,0.20,0.00,1.84,3.67,1.02,0.00,4.29,Matches
259,Ruben Loftus-Cheek\Ruben-Loftus-Cheek,eng ENG,FW,Chelsea,25-044,1996,0.7,15.7,22.9,68.8,237.1,31.4,8.57,8.57,100.0,5.71,7.14,80.0,1.43,4.29,33.3,0.00,0.00,0.00,0.00,1.43,0.00,0.00,1.43,Matches
260,Ruben Loftus-Cheek\Ruben-Loftus-Cheek,eng ENG,MFFW,Fulham,25-044,1996,17.5,27.8,33.3,83.7,450.5,99.2,13.8,15.8,87.0,11.1,12.5,88.6,2.06,2.86,72.0,0.00,0.08,-0.08,0.80,2.80,0.57,0.11,3.49,Matches
261,Kevin Long\Kevin-Long,ie IRL,DF,Burnley,30-202,1990,7.1,25.5,35.9,71.0,609.0,195.4,5.77,7.18,80.4,12.8,16.2,79.1,6.48,11.3,57.5,0.00,0.00,0.00,0.00,1.27,0.28,0.00,2.11,Matches
262,Shane Long\Shane-Long,ie IRL,FWMF,Southampton,34-045,1987,2.3,16.5,25.7,64.4,214.8,73.0,11.7,14.8,79.4,3.48,6.96,50.0,0.87,0.87,100.0,0.00,0.00,0.00,0.00,1.30,0.00,0.00,1.74,Matches
263,Matthew Longstaff\Matthew-Longstaff,eng ENG,MF,Newcastle Utd,20-352,2000,4.2,27.9,35.2,79.1,505.0,81.2,12.6,15.2,82.8,10.5,11.9,88.0,4.52,7.14,63.3,0.00,0.02,-0.02,0.48,0.95,0.24,0.24,0.71,Matches
264,Sean Longstaff\Sean-Longstaff,eng ENG,MF,Newcastle Utd,23-129,1997,9.2,31.5,39.0,80.8,694.3,157.1,11.4,12.8,89.0,12.1,13.5,89.5,7.07,10.8,65.7,0.00,0.02,-0.02,0.43,3.37,0.22,0.11,3.26,Matches
265,Ademola Lookman\Ademola-Lookman,eng ENG,FWMF,Fulham,23-139,1997,23.3,29.6,38.5,76.8,500.0,143.4,14.2,16.5,86.2,11.7,14.3,81.7,2.70,5.06,53.4,0.13,0.15,-0.02,1.89,1.63,1.37,0.21,3.61,Matches
266,Max Lowe\Max-Lowe,eng ENG,DF,Sheffield Utd,23-301,1997,6.1,23.8,36.6,65.0,386.4,125.9,13.0,16.2,79.8,8.20,12.3,66.7,2.13,5.57,38.2,0.00,0.03,-0.03,0.49,2.30,0.82,0.16,2.62,Matches
267,Matthew Lowton\Matthew-Lowton,eng ENG,DF,Burnley,31-272,1989,24.0,30.9,44.6,69.3,606.5,273.8,13.8,15.5,89.0,11.3,15.3,73.6,5.33,12.3,43.2,0.00,0.06,-0.06,0.67,3.58,1.08,0.29,3.88,Matches
268,David Luiz\David-Luiz,br BRA,DF,Arsenal,33-320,1987,12.9,52.6,63.6,82.8,1215.1,327.3,11.1,12.2,91.1,29.0,31.3,92.6,12.0,18.4,65.1,0.00,0.03,-0.03,0.16,3.95,0.54,0.00,3.88,Matches
269,Douglas Luiz\Douglas-Luiz,br BRA,MF,Aston Villa,22-303,1998,21.3,37.8,45.1,83.9,790.6,172.7,12.6,14.3,87.9,17.0,19.1,88.9,7.32,9.58,76.5,0.09,0.06,0.04,0.70,3.85,0.56,0.14,3.24,Matches
270,John Lundstram\John-Lundstram,eng ENG,MF,Sheffield Utd,27-018,1994,19.3,38.3,47.5,80.8,689.6,160.4,17.7,19.2,92.4,15.2,17.4,87.5,4.46,8.91,50.0,0.10,0.06,0.04,0.98,2.95,0.57,0.10,3.01,Matches
271,Alexis Mac Allister\Alexis-Mac-Allister,ar ARG,MFFW,Brighton,22-074,1998,9.0,26.3,33.0,79.8,451.4,115.4,12.1,14.6,83.2,10.2,12.3,82.9,3.00,4.00,75.0,0.11,0.21,-0.10,1.22,2.11,1.44,0.00,3.33,Matches
272,James Maddison\James-Maddison,eng ENG,MFFW,Leicester City,24-105,1996,18.1,34.9,46.4,75.1,599.9,172.8,18.6,21.2,87.5,10.9,13.5,81.1,4.36,9.06,48.2,0.28,0.21,0.07,2.32,3.37,1.27,0.11,4.09,Matches
273,Harry Maguire\Harry-Maguire,eng ENG,DF,Manchester Utd,28-003,1993,28.0,57.3,64.5,88.8,1280.4,371.2,14.3,15.9,90.3,31.4,33.7,93.0,11.2,14.2,79.1,0.04,0.01,0.02,0.21,5.54,0.21,0.00,2.82,Matches
274,Riyad Mahrez\Riyad-Mahrez,dz ALG,FW,Manchester City,30-015,1991,17.4,42.8,51.1,83.7,700.3,148.6,22.5,24.6,91.6,16.1,18.5,87.3,3.22,5.46,58.9,0.23,0.31,-0.08,2.07,1.61,2.64,0.34,4.37,Matches
275,Ainsley Maitland-Niles\Ainsley-Maitland-Niles,eng ENG,DF,Arsenal,23-191,1997,5.4,41.9,53.3,78.5,747.2,203.5,20.2,23.3,86.5,17.2,20.0,86.1,4.07,7.78,52.4,0.00,0.04,-0.04,0.56,2.78,0.56,0.19,2.59,Matches
276,Ainsley Maitland-Niles\Ainsley-Maitland-Niles,eng ENG,MF,West Brom,23-191,1997,6.0,24.7,32.2,76.7,391.0,99.7,13.7,16.5,82.8,6.83,9.17,74.5,3.00,4.83,62.1,0.00,0.07,-0.07,0.50,1.17,0.83,0.00,2.33,Matches
277,Josh Maja\Josh-Maja,ng NGA,FW,Fulham,22-071,1998,5.6,17.0,19.5,87.2,272.1,15.4,9.29,9.82,94.5,5.54,6.07,91.2,1.61,1.79,90.0,0.00,0.11,-0.11,0.71,0.00,0.36,0.00,0.54,Matches
278,Sadio Mané\Sadio-Mane,sn SEN,FW,Liverpool,28-332,1992,23.1,24.8,33.6,73.7,418.7,84.6,12.8,16.1,79.3,8.61,11.2,77.1,2.86,3.94,72.5,0.13,0.16,-0.03,1.69,1.17,1.99,0.26,3.16,Matches
279,Javier Manquillo\Javier-Manquillo,es ESP,DF,Newcastle Utd,26-307,1994,8.0,31.4,42.1,74.5,505.5,211.1,18.5,19.9,93.1,9.25,13.3,69.8,3.00,6.63,45.3,0.00,0.03,-0.03,0.50,1.63,0.50,0.25,2.13,Matches
280,Fernando Marçal\Fernando-Marcal,br BRA,DF,Wolves,32-017,1989,6.8,43.8,52.6,83.2,781.9,293.4,22.2,23.7,93.8,16.6,19.7,84.3,4.85,8.09,60.0,0.00,0.01,-0.01,0.44,2.21,0.29,0.15,3.53,Matches
281,Solly March\Solly-March,eng ENG,DF,Brighton,26-231,1994,18.6,36.6,52.4,69.8,690.8,232.7,17.2,20.1,85.3,14.0,18.8,74.6,5.05,11.0,45.9,0.05,0.09,-0.04,1.45,2.10,1.83,0.70,4.14,Matches
282,Pablo Marí\Pablo-Mari,es ESP,DF,Arsenal,27-189,1993,6.0,51.7,58.5,88.3,1062.5,256.7,15.3,16.3,93.9,28.3,29.5,96.0,7.33,11.5,63.8,0.00,0.00,0.00,0.00,1.83,0.00,0.00,2.00,Matches
283,Anthony Martial\Anthony-Martial,fr FRA,FW,Manchester Utd,25-093,1995,16.4,24.3,29.5,82.6,341.3,68.7,15.0,17.0,88.5,7.26,8.72,83.2,0.98,1.22,80.0,0.18,0.12,0.06,0.91,1.59,0.91,0.00,2.68,Matches
284,Martinelli\Martinelli,br BRA,FW,Arsenal,19-263,2001,2.3,12.6,17.4,72.5,185.7,70.0,8.26,10.4,79.2,3.48,4.35,80.0,0.87,1.74,50.0,0.00,0.00,0.00,0.43,0.43,0.43,0.00,1.74,Matches
285,Emiliano Martínez\Emiliano-Martinez,ar ARG,GK,Aston Villa,28-187,1992,26.0,22.1,34.3,64.4,765.1,501.4,2.46,2.46,100.0,10.0,10.1,99.6,9.50,21.6,44.0,0.00,0.01,-0.01,0.08,0.65,0.00,0.00,0.00,Matches
286,Arthur Masuaku\Arthur-Masuaku,cd COD,DF,West Ham,27-121,1993,9.4,41.4,51.7,80.0,697.0,238.9,23.2,25.6,90.5,13.7,17.7,77.7,3.94,6.38,61.7,0.11,0.17,-0.06,1.17,2.34,1.60,1.06,3.40,Matches
287,Juan Mata\Juan-Mata,es ESP,FW,Manchester Utd,32-314,1988,3.8,42.1,50.8,82.9,647.1,160.0,25.8,28.2,91.6,11.8,14.2,83.3,3.95,6.58,60.0,0.53,0.21,0.32,2.11,3.42,0.79,0.26,3.95,Matches
288,Jean-Philippe Mateta\Jean-Philippe-Mateta,fr FRA,FW,Crystal Palace,23-253,1997,1.9,13.2,18.9,69.4,150.0,33.7,10.5,11.6,90.9,2.11,5.79,36.4,0.00,0.00,,0.00,0.00,0.00,0.53,0.53,0.00,0.00,1.58,Matches
289,Nemanja Matić\Nemanja-Matic,rs SRB,MF,Manchester Utd,32-219,1988,10.2,72.0,78.9,91.2,1361.7,373.1,28.2,30.1,93.8,34.1,36.8,92.8,8.73,10.5,83.2,0.00,0.03,-0.03,0.59,7.25,0.78,0.20,7.06,Matches
290,Joël Matip\Joel-Matip,cm CMR,DF,Liverpool,29-212,1991,7.7,60.5,68.4,88.4,1305.1,335.8,16.6,17.8,93.4,33.1,35.1,94.4,10.4,14.8,70.2,0.26,0.13,0.13,0.26,3.90,0.13,0.00,1.95,Matches
291,Neal Maupay\Neal-Maupay,fr FRA,FWMF,Brighton,24-206,1996,20.8,18.0,22.7,79.2,272.5,47.5,9.42,11.1,85.2,6.49,7.50,86.5,1.01,1.88,53.8,0.10,0.13,-0.04,1.11,1.25,0.91,0.05,1.54,Matches
292,James McArthur\James-McArthur,sco SCO,MF,Crystal Palace,33-152,1987,16.3,38.5,47.2,81.4,728.7,208.4,14.7,17.0,86.3,17.8,20.1,88.4,5.03,7.79,64.6,0.12,0.06,0.07,0.80,3.80,0.37,0.00,3.62,Matches
293,Oliver McBurnie\Oliver-McBurnie,sco SCO,FW,Sheffield Utd,24-277,1996,13.7,18.1,28.8,62.8,246.8,70.6,11.3,16.8,67.4,5.33,8.61,61.9,0.58,0.88,66.7,0.00,0.08,-0.08,1.02,1.46,1.09,0.00,2.92,Matches
294,Alex McCarthy\Alex-McCarthy,eng ENG,GK,Southampton,31-095,1989,24.0,22.5,35.6,63.3,602.6,378.6,5.96,6.00,99.3,9.67,9.79,98.7,6.79,19.7,34.5,0.00,0.00,0.00,0.00,0.29,0.08,0.00,0.00,Matches
295,James McCarthy\James-McCarthy,ie IRL,MF,Crystal Palace,30-116,1990,6.0,28.8,37.3,77.2,607.5,122.5,9.50,11.5,82.6,12.7,15.2,83.5,5.83,9.00,64.8,0.00,0.02,-0.02,0.50,1.67,0.50,0.33,2.50,Matches
296,John McGinn\John-McGinn,sco SCO,MF,Aston Villa,26-141,1994,25.0,29.0,37.7,77.1,625.5,208.2,9.76,11.3,86.2,12.7,15.4,82.6,5.76,8.96,64.3,0.16,0.08,0.08,0.96,5.04,1.12,0.20,5.04,Matches
297,David McGoldrick\David-McGoldrick,ie IRL,FWMF,Sheffield Utd,33-099,1987,18.0,26.3,35.0,75.1,440.6,80.1,13.9,17.7,78.7,9.28,12.2,76.3,2.67,3.67,72.7,0.06,0.06,-0.01,0.61,2.17,0.78,0.17,2.22,Matches
298,Dwight McNeil\Dwight-McNeil,eng ENG,MF,Burnley,21-106,1999,24.7,26.6,37.8,70.2,541.8,145.0,10.5,12.2,86.0,10.1,12.5,80.9,5.14,10.5,49.0,0.12,0.15,-0.03,1.21,2.15,1.13,0.81,1.98,Matches
299,Scott McTominay\Scott-McTominay,sco SCO,MF,Manchester Utd,24-090,1996,16.9,44.7,51.8,86.3,886.6,219.9,16.6,18.4,90.4,21.2,23.8,88.8,6.27,8.22,76.3,0.06,0.05,0.01,0.65,4.32,0.41,0.00,4.02,Matches
300,Ben Mee\Ben-Mee,eng ENG,DF,Burnley,31-166,1989,20.9,27.6,36.7,75.0,635.3,244.9,8.28,9.81,84.4,12.3,14.5,84.5,6.60,11.7,56.6,0.00,0.00,-0.00,0.14,1.39,0.00,0.00,1.82,Matches
301,Benjamin Mendy\Benjamin-Mendy,fr FRA,DF,Manchester City,26-234,1994,5.6,55.4,68.0,81.4,996.8,277.9,21.8,25.2,86.5,28.2,31.6,89.3,5.00,8.75,57.1,0.00,0.00,0.00,0.18,2.68,0.54,0.18,4.64,Matches
302,Edouard Mendy\Edouard-Mendy,sn SEN,GK,Chelsea,29-007,1992,22.0,28.5,33.7,84.5,730.2,363.7,6.45,6.55,98.6,13.5,13.6,98.7,8.36,13.3,62.8,0.00,0.00,0.00,0.00,0.18,0.00,0.00,0.00,Matches
303,Nampalys Mendy\Nampalys-Mendy,fr FRA,MF,Leicester City,28-258,1992,15.2,55.1,60.3,91.4,949.3,196.1,25.5,27.4,93.0,23.7,25.3,93.8,4.93,6.25,78.9,0.07,0.02,0.05,0.33,4.93,0.00,0.00,3.16,Matches
304,Illan Meslier\Illan-Meslier,fr FRA,GK,Leeds United,21-006,2000,25.0,32.2,38.3,83.9,799.2,382.8,7.92,8.00,99.0,15.4,15.6,98.7,8.72,14.6,59.7,0.00,0.00,-0.00,0.04,0.08,0.00,0.00,0.00,Matches
305,Luka Milivojević\Luka-Milivojevic,rs SRB,MF,Crystal Palace,29-335,1991,19.6,40.5,49.7,81.3,810.7,244.9,15.2,16.9,89.7,18.2,21.3,85.2,6.53,9.95,65.6,0.05,0.06,-0.01,0.77,3.88,0.51,0.10,4.13,Matches
306,James Milner\James-Milner,eng ENG,MFDF,Liverpool,35-063,1986,8.1,71.2,84.0,84.9,1366.5,382.0,30.4,32.8,92.5,29.5,32.6,90.5,10.6,14.8,71.7,0.12,0.14,-0.01,1.23,7.41,2.59,0.62,8.02,Matches
307,Yerry Mina\Yerry-Mina,co COL,DF,Everton,26-166,1994,18.2,52.1,57.5,90.5,1067.5,286.5,13.8,14.8,93.7,29.7,31.2,95.2,7.20,9.73,74.0,0.00,0.00,0.00,0.00,2.42,0.00,0.00,2.25,Matches
308,Takumi Minamino\Takumi-Minamino,jp JPN,MFFW,Liverpool,26-051,1995,3.3,33.6,42.1,79.9,481.5,100.6,20.0,22.1,90.4,12.1,14.8,81.6,0.91,3.64,25.0,0.00,0.00,0.00,0.00,3.33,0.61,0.00,1.21,Matches
309,Takumi Minamino\Takumi-Minamino,jp JPN,MF,Southampton,26-051,1995,3.8,24.5,34.7,70.5,366.8,74.5,13.4,16.8,79.7,7.37,10.3,71.8,2.11,4.74,44.4,0.00,0.05,-0.05,0.26,1.84,0.26,0.00,2.37,Matches
310,Tyrone Mings\Tyrone-Mings,eng ENG,DF,Aston Villa,27-360,1993,24.5,36.7,46.5,78.8,866.5,328.4,8.29,9.43,87.9,20.3,22.3,91.0,7.76,13.8,56.4,0.04,0.02,0.02,0.24,3.39,0.08,0.00,3.10,Matches
311,Tyrick Mitchell\Tyrick-Mitchell,eng ENG,DF,Crystal Palace,21-188,1999,13.0,29.5,41.9,70.5,490.2,311.1,14.3,16.8,85.3,12.4,17.0,72.9,2.31,5.38,42.9,0.00,0.02,-0.02,0.15,2.85,0.62,0.31,3.31,Matches
312,Aleksandar Mitrović\Aleksandar-Mitrovic,rs SRB,FW,Fulham,26-173,1994,11.7,18.7,24.4,76.6,255.7,41.4,11.3,13.7,82.5,5.30,7.18,73.8,0.94,1.54,61.1,0.26,0.20,0.06,1.54,0.77,0.85,0.09,1.37,Matches
313,Jakub Moder\Jakub-Moder,pl POL,MF,Brighton,21-335,1999,0.1,40.0,80.0,50.0,530.0,170.0,30.0,50.0,60.0,10.0,10.0,100.0,0.00,20.0,0.0,0.00,0.00,0.00,0.00,0.00,0.00,0.00,0.00,Matches
314,Jayson Molumby\Jayson-Molumby,ie IRL,MF,Brighton,21-214,1999,0.0,0,1,0.0,0,0,0,0,,0,0,,0,1,0.0,0,0.0,0.0,0,0,0,0,0,Matches
315,Wes Morgan\Wes-Morgan,jm JAM,DF,Leicester City,37-046,1984,0.2,25.0,25.0,100.0,465.0,390.0,10.0,10.0,100.0,15.0,15.0,100.0,0.00,0.00,,0.00,0.00,0.00,0.00,0.00,0.00,0.00,10.0,Matches
316,Mason Mount\Mason-Mount,eng ENG,MFFW,Chelsea,22-057,1999,23.6,48.6,58.6,82.9,867.5,235.5,23.7,26.0,91.0,17.0,19.5,87.4,6.44,9.66,66.7,0.13,0.20,-0.08,2.92,4.66,1.65,0.21,5.68,Matches
317,Lucas Moura\Lucas-Moura,br BRA,FWMF,Tottenham,28-207,1992,10.3,28.6,38.1,75.3,418.0,92.7,17.2,20.7,83.1,9.32,11.7,80.0,1.26,2.91,43.3,0.10,0.05,0.05,0.49,1.75,0.49,0.10,2.23,Matches
318,Lys Mousset\Lys-Mousset,fr FRA,FWMF,Sheffield Utd,25-028,1996,2.6,11.9,15.4,77.5,185.0,30.8,6.54,8.85,73.9,4.23,5.00,84.6,0.38,0.77,50.0,0.00,0.12,-0.12,1.15,1.54,0.00,0.00,0.77,Matches
319,João Moutinho\Joao-Moutinho,pt POR,MF,Wolves,34-181,1986,21.6,52.6,62.2,84.5,1053.6,243.7,18.7,20.3,91.8,23.6,25.9,90.9,9.12,13.5,67.5,0.05,0.09,-0.05,1.53,3.70,0.60,0.19,4.07,Matches
320,Joel Mumbongo\Joel-Mumbongo,se SWE,FW,Burnley,22-058,1999,0.4,10.0,12.5,80.0,90.0,0.00,10.0,10.0,100.0,0.00,0.00,,0.00,0.00,,0.00,0.00,0.00,0.00,0.00,0.00,0.00,0.00,Matches
321,Jacob Murphy\Jacob-Murphy,eng ENG,DFFW,Newcastle Utd,26-012,1995,8.7,18.3,28.6,63.9,315.1,119.1,8.39,10.6,79.3,6.90,10.0,69.0,2.30,5.86,39.2,0.11,0.10,0.01,1.03,1.03,1.95,0.46,2.30,Matches
322,Shkodran Mustafi\Shkodran-Mustafi,de GER,DF,Arsenal,28-325,1992,0.5,82.0,96.0,85.4,2200.0,420.0,4.00,4.00,100.0,62.0,68.0,91.2,16.0,24.0,66.7,0.00,0.00,0.00,0.00,4.00,0.00,0.00,8.00,Matches
323,Marvelous Nakamba\Marvelous-Nakamba,zw ZIM,MF,Aston Villa,27-048,1994,4.9,31.2,35.9,86.9,563.9,139.4,13.9,15.3,90.7,13.1,14.5,90.1,3.88,5.71,67.9,0.00,0.00,0.00,0.20,2.45,0.00,0.00,1.22,Matches
324,Wilfred Ndidi\Wilfred-Ndidi,ng NGA,MFDF,Leicester City,24-082,1996,14.6,47.7,54.0,88.2,929.3,207.7,18.2,20.8,87.8,20.8,22.2,93.8,7.40,9.18,80.6,0.14,0.06,0.08,0.62,2.53,0.07,0.00,2.05,Matches
325,Tanguy Ndombele\Tanguy-Ndombele,fr FRA,MF,Tottenham,24-070,1996,17.9,43.4,51.2,84.6,697.3,184.1,22.8,25.8,88.5,14.9,17.7,83.9,3.69,4.75,77.6,0.06,0.11,-0.05,0.73,4.36,0.89,0.00,4.41,Matches
326,Reiss Nelson\Reiss-Nelson,eng ENG,FW,Arsenal,21-088,1999,0.8,21.3,37.5,56.7,398.8,117.5,11.3,11.3,100.0,7.50,11.3,66.7,2.50,11.3,22.2,0.00,0.00,0.00,0.00,2.50,1.25,0.00,2.50,Matches
327,Pedro Neto\Pedro-Neto,pt POR,FWMF,Wolves,20-364,2000,26.0,33.0,42.1,78.5,531.6,112.7,17.8,19.5,91.1,10.9,13.4,81.6,3.12,6.35,49.1,0.19,0.22,-0.02,2.15,1.19,1.31,0.88,1.65,Matches
328,Rúben Neves\Ruben-Neves,pt POR,MF,Wolves,23-360,1997,22.3,52.2,62.1,84.0,1218.8,267.1,13.1,15.2,86.4,25.7,28.6,89.8,13.0,17.0,76.5,0.04,0.07,-0.03,0.94,6.23,0.76,0.09,4.48,Matches
329,Eddie Nketiah\Eddie-Nketiah,eng ENG,FW,Arsenal,21-282,1999,3.6,15.0,18.9,79.4,193.1,17.8,10.8,13.3,81.3,3.61,4.72,76.5,0.28,0.28,100.0,0.28,0.17,0.11,0.83,0.00,0.28,0.00,0.28,Matches
330,Niels Nkounkou\Niels-Nkounkou,fr FRA,DF,Everton,20-127,2000,0.8,30.0,36.3,82.8,551.3,111.3,16.3,16.3,100.0,8.75,11.3,77.8,5.00,7.50,66.7,0.00,0.00,0.00,0.00,2.50,0.00,0.00,1.25,Matches
331,Dan Nlundulu\Dan-Nlundulu,eng ENG,FW,Southampton,22-031,1999,1.2,18.3,25.8,71.0,331.7,45.8,8.33,12.5,66.7,9.17,10.0,91.7,0.83,0.83,100.0,0.00,0.00,0.00,0.83,2.50,0.83,0.00,1.67,Matches
332,Mark Noble\Mark-Noble,eng ENG,MF,West Ham,33-304,1987,3.5,47.4,55.1,86.0,909.7,211.1,18.9,21.1,89.2,21.1,23.7,89.2,6.57,8.00,82.1,0.00,0.03,-0.03,0.57,4.86,0.86,0.29,3.14,Matches
333,Oliver Norwood\Oliver-Norwood,nir NIR,MF,Sheffield Utd,29-330,1991,15.1,48.5,62.1,78.1,1086.6,299.6,14.6,16.5,88.8,22.8,26.3,86.9,10.6,18.5,57.1,0.00,0.07,-0.07,1.26,5.50,1.46,0.40,4.90,Matches
334,Jack O'Connell\Jack-OConnell,eng ENG,DF,Sheffield Utd,26-344,1994,2.0,30.0,38.5,77.9,612.5,265.5,11.5,12.0,95.8,12.0,15.0,80.0,6.00,10.0,60.0,0.00,0.00,0.00,0.00,2.00,1.00,0.00,3.00,Matches
335,Dara O'Shea\Dara-OShea,ie IRL,DF,West Brom,22-004,1999,19.0,24.5,37.4,65.5,531.1,254.6,9.63,11.3,85.5,9.21,13.1,70.6,5.37,11.7,45.7,0.00,0.01,-0.01,0.26,2.79,0.05,0.00,2.42,Matches
336,Michael Obafemi\Michael-Obafemi,ie IRL,FW,Southampton,20-245,2000,0.2,15.0,15.0,100.0,110.0,60.0,15.0,15.0,100.0,0.00,0.00,,0.00,0.00,,0.00,0.00,0.00,0.00,0.00,0.00,0.00,0.00,Matches
337,Denis Odoi\Denis-Odoi,be BEL,DF,Fulham,32-285,1988,3.0,51.0,61.7,82.7,1055.0,345.3,18.0,20.0,90.0,24.0,27.3,87.8,8.33,12.0,69.4,0.00,0.03,-0.03,0.33,3.67,0.67,0.33,3.33,Matches
338,Angelo Ogbonna\Angelo-Ogbonna,it ITA,DF,West Ham,32-289,1988,22.7,28.6,34.2,83.6,632.0,166.7,6.43,7.31,88.0,16.5,18.3,90.1,5.20,7.84,66.3,0.00,0.04,-0.04,0.13,0.88,0.00,0.00,0.93,Matches
339,Robin Olsen\Robin-Olsen,se SWE,GK,Everton,31-059,1990,5.0,19.6,27.8,70.5,710.6,499.4,2.20,2.20,100.0,8.20,8.20,100.0,9.20,17.4,52.9,0.00,0.00,0.00,0.00,0.20,0.00,0.00,0.00,Matches
340,Josh Onomah\Josh-Onomah,eng ENG,MF,Fulham,23-315,1997,1.6,25.0,31.3,80.0,351.9,72.5,12.5,16.9,74.1,10.6,11.3,94.4,0.00,1.25,0.0,0.00,0.00,0.00,0.63,2.50,1.25,0.00,1.88,Matches
341,Divock Origi\Divock-Origi,be BEL,FW,Liverpool,25-324,1995,2.1,22.4,29.0,77.0,279.0,37.6,12.9,15.2,84.4,7.14,9.05,78.9,0.00,0.95,0.0,0.00,0.10,-0.10,0.95,0.95,0.00,0.00,0.48,Matches
342,Ben Osborn\Ben-Osborn,eng ENG,MFDF,Sheffield Utd,26-215,1994,10.1,40.2,51.6,77.9,662.2,264.5,22.2,24.9,89.2,13.0,15.4,84.0,4.16,8.81,47.2,0.00,0.14,-0.14,1.19,3.96,1.58,0.79,4.36,Matches
343,Owen Otasowie\Owen-Otasowie,us USA,MF,Wolves,19-322,2001,1.3,26.9,36.2,74.5,435.4,67.7,13.1,18.5,70.8,10.8,13.1,82.4,2.31,3.85,60.0,0.77,0.08,0.69,1.54,0.00,0.00,0.00,0.77,Matches
344,Alex Oxlade-Chamberlain\Alex-Oxlade-Chamberlain,eng ENG,FWMF,Liverpool,27-205,1993,2.4,39.6,51.7,76.6,838.3,158.3,14.6,18.8,77.8,16.7,20.8,80.0,7.08,7.92,89.5,0.42,0.08,0.33,0.83,6.25,0.83,0.00,5.00,Matches
345,Emerson Palmieri\Emerson-Palmieri,it ITA,DF,Chelsea,26-217,1994,1.0,51.0,63.0,81.0,927.0,203.0,27.0,28.0,96.4,15.0,19.0,78.9,8.00,11.0,72.7,0.00,0.00,0.00,0.00,1.00,1.00,1.00,0.00,Matches
346,Thomas Partey\Thomas-Partey,gh GHA,MF,Arsenal,27-268,1993,8.7,54.0,61.8,87.4,1067.9,295.5,21.1,23.1,91.5,24.0,26.3,91.3,7.82,10.5,74.7,0.11,0.06,0.06,0.80,7.24,0.69,0.00,6.21,Matches
347,Rui Patrício\Rui-Patricio,pt POR,GK,Wolves,33-021,1988,28.0,14.3,21.8,65.4,503.3,329.8,2.46,2.50,98.6,3.86,3.93,98.2,7.79,15.2,51.3,0.00,0.00,0.00,0.00,0.11,0.00,0.00,0.00,Matches
348,Bailey Peacock-Farrell\Bailey-Peacock-Farrell,nir NIR,GK,Burnley,24-130,1996,1.0,14.0,32.0,43.8,798.0,717.0,0.00,0.00,,3.00,3.00,100.0,11.0,28.0,39.3,0.00,0.00,0.00,0.00,0.00,0.00,0.00,0.00,Matches
349,Lee Peltier\Lee-Peltier,eng ENG,DF,West Brom,34-087,1986,2.5,19.2,30.4,63.2,358.0,103.2,8.40,9.20,91.3,8.80,11.2,78.6,2.00,8.40,23.8,0.00,0.00,0.00,0.40,1.60,0.80,0.40,0.80,Matches
350,Nicolas Pépé\Nicolas-Pepe,ci CIV,FW,Arsenal,25-283,1995,11.1,24.1,33.5,71.8,348.0,74.2,13.9,16.8,82.4,8.11,10.2,79.6,1.26,3.33,37.8,0.00,0.04,-0.04,0.54,0.72,0.90,0.09,1.89,Matches
351,Matheus Pereira\Matheus-Pereira,br BRA,MFFW,West Brom,24-307,1996,20.1,27.2,38.2,71.3,473.5,160.4,14.5,16.9,85.8,8.16,10.8,75.6,3.73,8.21,45.5,0.15,0.14,0.01,1.89,2.39,1.69,0.30,3.48,Matches
352,Ricardo Pereira\Ricardo-Pereira,pt POR,DFFW,Leicester City,27-153,1993,7.6,32.8,44.5,73.7,515.9,187.0,17.2,20.4,84.5,12.8,16.8,75.8,1.97,4.21,46.9,0.00,0.03,-0.03,0.53,1.18,0.92,0.00,3.68,Matches
353,Ayoze Pérez\Ayoze-Perez,es ESP,FWMF,Leicester City,27-228,1993,9.8,25.2,32.9,76.7,350.6,101.5,16.4,19.1,86.1,6.94,8.78,79.1,1.12,2.55,44.0,0.00,0.11,-0.11,1.84,1.53,1.94,0.41,3.57,Matches
354,Kalvin Phillips\Kalvin-Phillips,eng ENG,MF,Leeds United,25-096,1995,17.5,49.5,59.8,82.8,1158.1,291.6,13.5,14.7,91.8,22.4,24.7,90.5,12.9,18.7,69.1,0.11,0.17,-0.06,1.37,6.00,0.69,0.17,4.29,Matches
355,Matt Phillips\Matt-Phillips,sco SCO,MFDF,West Brom,29-360,1991,11.6,22.2,32.1,69.4,381.2,125.3,11.1,13.5,82.2,7.67,10.9,70.6,2.50,5.52,45.3,0.09,0.13,-0.04,1.47,1.38,1.21,0.78,2.16,Matches
356,Nathaniel Phillips\Nathaniel-Phillips,eng ENG,DF,Liverpool,23-352,1997,8.2,63.4,73.5,86.2,1398.3,431.5,16.1,17.4,92.3,35.6,37.9,93.9,11.2,17.2,65.2,0.00,0.01,-0.01,0.24,6.34,0.12,0.00,4.39,Matches
357,Jordan Pickford\Jordan-Pickford,eng ENG,GK,Everton,27-001,1994,21.0,24.0,36.8,65.4,845.6,599.6,5.52,5.62,98.3,7.43,7.48,99.4,10.9,23.3,46.5,0.00,0.00,0.00,0.05,1.19,0.05,0.00,0.00,Matches
358,Erik Pieters\Erik-Pieters,nl NED,DFMF,Burnley,32-213,1988,11.7,30.0,40.3,74.4,532.8,200.3,13.1,14.8,88.4,12.4,15.5,80.1,3.42,7.86,43.5,0.09,0.03,0.05,0.43,2.05,0.26,0.09,2.05,Matches
359,Daniel Podence\Daniel-Podence,pt POR,FWMF,Wolves,25-138,1995,14.6,26.0,34.7,75.1,482.5,128.2,12.9,15.1,85.5,8.97,11.9,75.3,3.63,5.48,66.3,0.14,0.07,0.07,1.10,2.60,0.96,0.14,3.77,Matches
360,Paul Pogba\Paul-Pogba,fr FRA,MFFW,Manchester Utd,27-358,1993,15.0,55.3,66.6,83.0,1059.1,250.6,25.1,28.1,89.3,20.1,22.3,90.1,8.67,13.1,66.3,0.00,0.08,-0.08,0.93,5.40,1.33,0.00,5.27,Matches
361,Nick Pope\Nick-Pope,eng ENG,GK,Burnley,28-323,1992,27.0,15.6,30.4,51.3,721.7,574.2,0.85,0.93,92.0,3.48,3.63,95.9,11.2,25.7,43.6,0.00,0.01,-0.01,0.07,1.00,0.04,0.00,0.00,Matches
362,Dennis Praet\Dennis-Praet,be BEL,MFFW,Leicester City,26-298,1994,7.3,29.5,37.3,79.0,462.5,104.9,15.9,17.9,88.5,10.7,13.7,78.0,1.92,3.84,50.0,0.14,0.11,0.03,0.96,1.23,0.96,0.27,2.47,Matches
363,Davy Pröpper\Davy-Propper,nl NED,MF,Brighton,29-187,1991,2.2,30.5,39.5,77.0,575.9,173.2,10.5,14.1,74.2,16.8,20.5,82.2,2.73,3.64,75.0,0.00,0.00,0.00,0.00,3.18,2.27,0.45,5.91,Matches
364,Christian Pulisic\Christian-Pulisic,us USA,FWMF,Chelsea,22-171,1998,11.2,26.5,34.6,76.5,417.7,101.4,14.9,17.9,83.5,9.29,12.4,74.8,1.79,2.68,66.7,0.09,0.13,-0.04,1.07,1.43,2.23,0.09,3.57,Matches
365,Aaron Ramsdale\Aaron-Ramsdale,eng ENG,GK,Sheffield Utd,22-298,1998,28.0,13.4,29.2,45.8,635.5,504.2,1.29,1.32,97.3,3.36,3.43,97.9,8.71,24.4,35.8,0.00,0.00,-0.00,0.04,1.50,0.00,0.00,0.00,Matches
366,Jacob Ramsey\Jacob-Ramsey,eng ENG,MF,Aston Villa,19-284,2001,3.7,25.9,30.5,85.0,445.9,82.2,13.8,16.2,85.0,8.11,8.65,93.8,3.24,3.78,85.7,0.00,0.03,-0.03,0.54,2.16,0.00,0.00,2.43,Matches
367,Kayne Ramsey\Kayne-Ramsey,eng ENG,DF,Southampton,20-149,2000,1.0,18.0,26.0,69.2,286.0,101.0,6.00,7.00,85.7,8.00,10.0,80.0,1.00,4.00,25.0,0.00,0.00,0.00,0.00,0.00,0.00,0.00,0.00,Matches
368,Darren Randolph\Darren-Randolph,ie IRL,GK,West Ham,33-300,1987,2.0,12.5,20.5,61.0,428.0,320.0,2.50,2.50,100.0,4.50,4.50,100.0,5.50,13.5,40.7,0.00,0.00,0.00,0.00,0.00,0.00,0.00,0.00,Matches
369,Marcus Rashford\Marcus-Rashford,eng ENG,FW,Manchester Utd,23-128,1997,25.4,30.4,38.2,79.7,476.8,87.8,16.9,19.4,86.6,10.4,12.6,82.6,2.32,3.66,63.4,0.28,0.09,0.19,1.18,0.91,1.42,0.16,2.60,Matches
370,Tim Ream\Tim-Ream,us USA,DF,Fulham,33-154,1987,5.0,53.4,58.4,91.4,1175.8,366.8,14.8,15.2,97.4,27.8,29.2,95.2,10.6,13.4,79.1,0.00,0.00,0.00,0.00,3.00,0.00,0.00,2.60,Matches
371,Nathan Redmond\Nathan-Redmond,eng ENG,MFFW,Southampton,27-002,1994,10.7,29.8,39.9,74.7,490.7,114.0,15.3,18.6,82.4,11.1,14.7,75.8,2.52,3.93,64.3,0.09,0.12,-0.03,0.84,2.06,1.78,0.19,3.93,Matches
372,Harrison Reed\Harrison-Reed,eng ENG,MF,Fulham,26-040,1995,19.9,52.4,60.6,86.4,1002.3,238.2,19.7,21.5,91.8,25.5,28.1,90.7,6.48,9.30,69.7,0.10,0.07,0.04,0.90,3.92,0.70,0.20,3.97,Matches
373,Sergio Reguilón\Sergio-Reguilon,es ESP,DF,Tottenham,24-082,1996,14.6,40.1,52.6,76.3,697.5,231.9,19.5,22.2,87.7,16.9,21.1,80.2,3.08,7.40,41.7,0.21,0.08,0.12,0.68,2.12,0.89,0.55,2.88,Matches
374,Bobby Reid\Bobby-Reid,jm JAM,FWDF,Fulham,28-034,1993,18.6,23.3,31.6,73.8,385.8,116.2,12.0,14.1,85.2,8.28,10.8,77.0,2.20,4.73,46.6,0.00,0.05,-0.05,0.65,1.45,1.13,0.11,2.53,Matches
375,Declan Rice\Declan-Rice,eng ENG,MF,West Ham,22-053,1999,26.0,41.0,48.0,85.5,802.5,199.5,16.2,18.0,89.6,18.0,20.0,89.6,6.46,8.69,74.3,0.04,0.08,-0.04,0.62,3.65,0.73,0.35,3.27,Matches
376,Lewis Richardson\Lewis-Richardson,eng ENG,FW,Burnley,18-029,2003,0.0,0,1,0.0,0,0,0,1,0.0,0,0,,0,0,,0,0.0,0.0,0,0,0,0,0,Matches
377,Richarlison\Richarlison,br BRA,FW,Everton,23-302,1997,20.0,17.6,25.2,69.8,268.8,58.6,10.3,12.8,80.1,6.00,8.30,72.3,1.05,1.90,55.3,0.15,0.10,0.06,0.60,0.65,0.45,0.05,1.20,Matches
378,Jaïro Riedewald\Jairo-Riedewald,nl NED,MF,Crystal Palace,24-180,1996,13.9,28.7,33.2,86.4,522.2,133.4,12.2,13.5,89.9,12.6,14.1,89.3,3.38,4.53,74.6,0.00,0.06,-0.06,0.58,2.66,0.43,0.00,2.37,Matches
379,Matt Ritchie\Matt-Ritchie,sco SCO,DFMF,Newcastle Utd,31-179,1989,6.1,27.5,44.6,61.8,543.0,241.5,12.0,14.3,83.9,10.0,14.6,68.5,5.25,13.4,39.0,0.00,0.11,-0.11,1.97,2.13,1.15,0.82,2.79,Matches
380,Tyler Roberts\Tyler-Roberts,wal WAL,MFFW,Leeds United,22-055,1999,6.7,23.7,33.6,70.7,363.7,92.7,12.7,16.9,75.2,7.46,9.70,76.9,2.09,3.88,53.8,0.30,0.13,0.16,1.34,1.64,1.19,0.00,3.58,Matches
381,Andrew Robertson\Andrew-Robertson,sco SCO,DF,Liverpool,26-362,1994,27.9,71.1,89.1,79.8,1304.3,422.8,31.1,35.1,88.6,32.3,37.1,86.9,7.06,14.3,49.3,0.18,0.19,-0.01,1.68,4.91,1.79,0.72,7.17,Matches
382,Antonee Robinson\Antonee-Robinson,us USA,DF,Fulham,23-212,1997,18.9,41.2,56.1,73.3,752.8,288.9,18.3,21.1,86.9,18.0,22.7,79.3,4.60,10.3,44.8,0.00,0.06,-0.06,1.16,1.69,1.69,0.95,3.65,Matches
383,Callum Robinson\Callum-Robinson,ie IRL,FWMF,West Brom,26-034,1995,13.2,17.3,25.7,67.3,270.5,52.9,9.17,11.7,78.1,5.61,7.42,75.5,1.67,3.64,45.8,0.00,0.05,-0.05,0.76,0.83,0.61,0.45,0.68,Matches
384,Jack Robinson\Jack-Robinson,eng ENG,DF,Sheffield Utd,27-188,1993,6.7,37.5,47.6,78.7,741.9,257.8,14.8,16.4,90.0,15.5,18.7,83.2,6.57,11.0,59.5,0.00,0.00,0.00,0.00,3.13,0.15,0.00,2.54,Matches
385,Hal Robson-Kanu\Hal-Robson-Kanu,wal WAL,FWMF,West Brom,31-291,1989,2.8,8.93,12.5,71.4,127.1,27.9,3.93,5.71,68.8,2.86,3.21,88.9,0.71,1.79,40.0,0.00,0.07,-0.07,1.07,1.07,0.36,0.00,1.07,Matches
386,Marek Rodák\Marek-Rodak,sk SVK,GK,Fulham,24-085,1996,1.0,19.0,26.0,73.1,596.0,359.0,3.00,3.00,100.0,8.00,8.00,100.0,8.00,15.0,53.3,0.00,0.00,0.00,0.00,0.00,0.00,0.00,0.00,Matches
387,Joe Rodon\Joe-Rodon,wal WAL,DF,Tottenham,23-137,1997,4.1,53.9,60.7,88.8,1157.1,278.5,14.9,15.9,93.8,30.2,32.0,94.7,8.54,12.4,68.6,0.00,0.00,0.00,0.00,1.22,0.00,0.00,1.71,Matches
388,Rodri\Rodri,es ESP,MF,Manchester City,24-259,1996,23.1,82.0,90.1,91.0,1654.4,351.7,30.7,32.7,93.9,36.0,38.7,93.0,14.4,16.9,84.9,0.04,0.06,-0.02,0.87,8.44,0.65,0.04,5.63,Matches
389,Rodrigo\Rodrigo,es ESP,MF,Leeds United,30-002,1991,11.0,31.9,42.3,75.5,568.5,136.1,15.2,18.4,82.7,11.8,15.0,78.8,3.91,6.09,64.2,0.09,0.15,-0.06,1.82,3.00,1.36,0.27,4.18,Matches
390,James Rodríguez\James-Rodriguez,co COL,FWMF,Everton,29-239,1991,14.9,43.1,55.2,78.0,905.0,275.6,17.4,20.3,86.1,14.9,17.5,85.1,9.80,15.1,64.9,0.27,0.28,-0.01,2.21,5.03,2.08,0.34,6.98,Matches
391,Jay Rodriguez\Jay-Rodriguez,eng ENG,FWMF,Burnley,31-222,1989,12.4,15.1,20.4,73.9,191.2,42.7,9.60,12.1,79.3,3.63,5.32,68.2,0.65,1.29,50.0,0.16,0.10,0.06,0.56,0.73,0.56,0.08,1.61,Matches
392,Oriol Romeu\Oriol-Romeu,es ESP,MF,Southampton,29-165,1991,19.2,53.0,64.1,82.7,892.7,180.1,25.6,29.2,87.5,22.7,25.8,87.9,3.85,7.08,54.4,0.05,0.06,-0.01,0.73,3.02,0.73,0.05,4.17,Matches
393,Antonio Rüdiger\Antonio-Rudiger,de GER,DF,Chelsea,28-005,1993,12.0,72.2,78.7,91.7,1536.8,405.7,19.7,20.1,97.9,40.7,41.9,97.0,11.2,15.4,72.4,0.00,0.02,-0.02,0.17,5.50,0.33,0.08,2.83,Matches
394,Mathew Ryan\Mathew-Ryan,au AUS,GK,Arsenal,28-334,1992,1.0,17.0,17.0,100.0,509.0,310.0,2.00,2.00,100.0,8.00,8.00,100.0,7.00,7.00,100.0,0.00,0.00,0.00,0.00,0.00,0.00,0.00,0.00,Matches
395,Mathew Ryan\Mathew-Ryan,au AUS,GK,Brighton,28-334,1992,11.0,28.5,36.3,78.7,768.5,376.9,5.64,5.64,100.0,14.5,14.5,100.0,8.36,16.1,52.0,0.00,0.00,0.00,0.00,0.09,0.00,0.00,0.00,Matches
396,Allan Saint-Maximin\Allan-Saint-Maximin,fr FRA,FWMF,Newcastle Utd,23-361,1997,10.6,19.4,24.3,79.8,325.7,75.6,9.43,11.0,85.5,8.21,9.53,86.1,1.51,2.26,66.7,0.28,0.22,0.07,1.42,1.23,0.57,0.09,2.55,Matches
397,Romain Saïss\Romain-Saiss,ma MAR,DF,Wolves,30-347,1990,18.7,41.0,49.7,82.5,889.1,368.7,12.1,13.0,93.0,20.6,23.4,88.3,7.75,12.1,64.2,0.00,0.01,-0.01,0.11,3.58,0.11,0.05,3.69,Matches
398,Bukayo Saka\Bukayo-Saka,eng ENG,FWDF,Arsenal,19-184,2001,21.7,29.7,39.9,74.4,467.0,126.5,16.4,19.1,85.5,10.2,12.7,80.4,2.30,5.71,40.3,0.09,0.17,-0.08,1.24,1.84,1.15,0.37,2.49,Matches
399,Mamadou Sakho\Mamadou-Sakho,fr FRA,DF,Crystal Palace,31-023,1990,3.1,23.2,26.5,87.8,489.7,206.1,7.10,8.39,84.6,10.6,10.6,100.0,5.16,7.10,72.7,0.00,0.00,0.00,0.00,0.65,0.00,0.00,0.97,Matches
400,Mohamed Salah\Mohamed-Salah,eg EGY,FW,Liverpool,28-266,1992,25.0,33.1,39.5,83.7,508.1,117.1,19.4,21.2,91.5,10.6,12.6,84.7,2.12,3.40,62.4,0.12,0.14,-0.02,1.44,2.04,2.28,0.32,4.28,Matches
401,Mohammed Salisu\Mohammed-Salisu,gh GHA,DF,Southampton,21-325,1999,2.9,31.4,37.9,82.7,576.6,263.1,11.4,12.8,89.2,16.9,19.0,89.1,2.41,4.48,53.8,0.00,0.00,0.00,0.00,2.07,0.00,0.00,2.76,Matches
402,Davinson Sánchez\Davinson-Sanchez,co COL,DF,Tottenham,24-269,1996,12.5,53.9,61.2,88.1,1167.8,300.5,13.8,15.2,91.1,29.8,32.2,92.8,9.76,12.6,77.7,0.00,0.00,0.00,0.00,1.36,0.08,0.00,1.92,Matches
403,Robert Sánchez\Robert-Sanchez,es ESP,GK,Brighton,23-110,1997,16.0,25.8,37.7,68.5,800.8,461.4,3.63,3.69,98.3,13.0,13.1,99.0,9.19,20.8,44.1,0.00,0.00,0.00,0.00,0.75,0.00,0.00,0.00,Matches
404,Morgan Sanson\Morgan-Sanson,fr FRA,MF,Aston Villa,26-202,1994,1.5,36.0,50.0,72.0,630.0,131.3,17.3,21.3,81.3,15.3,18.0,85.2,3.33,8.67,38.5,0.00,0.00,0.00,0.00,2.00,0.00,0.00,2.00,Matches
405,Romaine Sawyers\Romaine-Sawyers,kn SKN,MF,West Brom,29-126,1991,16.5,36.7,43.2,84.9,715.0,192.2,14.1,15.8,88.9,16.8,19.0,88.5,5.27,6.97,75.7,0.00,0.02,-0.02,0.30,3.45,0.30,0.12,3.21,Matches
406,Dane Scarlett\Dane-Scarlett,eng ENG,FW,Tottenham,16-349,2004,0.0,0,0,,0,0,0,0,,0,0,,0,0,,0,0.0,0.0,0,0,0,0,0,Matches
407,Fabian Schär\Fabian-Schar,ch SUI,DF,Newcastle Utd,29-078,1991,13.4,32.1,41.5,77.3,771.0,324.3,9.33,10.4,89.3,14.5,16.5,87.8,8.21,14.2,57.9,0.00,0.00,0.00,0.07,2.91,0.82,0.00,2.76,Matches
408,Jeffrey Schlupp\Jeffrey-Schlupp,gh GHA,MF,Crystal Palace,28-075,1992,11.2,18.3,26.5,69.0,284.4,75.3,9.55,12.5,76.4,6.96,9.82,70.9,1.07,1.96,54.5,0.09,0.08,0.01,1.07,1.70,0.54,0.09,2.05,Matches
409,Kasper Schmeichel\Kasper-Schmeichel,dk DEN,GK,Leicester City,34-123,1986,28.0,23.8,33.0,72.2,745.7,404.5,3.00,3.07,97.7,10.8,10.9,98.4,10.0,18.9,52.8,0.00,0.00,0.00,0.00,0.14,0.00,0.00,0.00,Matches
410,Nélson Semedo\Nelson-Semedo,pt POR,DF,Wolves,27-112,1993,24.6,44.6,54.9,81.2,714.1,220.5,25.7,28.1,91.3,14.3,17.3,83.1,3.74,6.54,57.1,0.04,0.03,0.01,0.53,2.76,0.69,0.37,2.76,Matches
411,Jamie Shackleton\Jamie-Shackleton,eng ENG,MFDF,Leeds United,21-151,1999,5.1,36.1,40.8,88.5,572.9,124.1,17.8,19.6,91.0,14.3,15.9,90.1,2.55,2.94,86.7,0.00,0.06,-0.06,0.39,1.37,0.20,0.20,1.37,Matches
412,Xherdan Shaqiri\Xherdan-Shaqiri,ch SUI,MFFW,Liverpool,29-149,1991,5.8,55.2,66.7,82.7,971.4,237.4,25.2,28.1,89.6,21.0,24.3,86.5,6.90,10.0,69.0,0.34,0.41,-0.07,2.59,3.79,4.14,0.86,5.69,Matches
413,Billy Sharp\Billy-Sharp,eng ENG,FW,Sheffield Utd,35-031,1986,7.2,10.8,15.7,69.0,146.3,23.1,5.56,7.36,75.5,4.03,5.56,72.5,0.00,0.14,0.0,0.00,0.08,-0.08,0.56,0.28,0.42,0.00,0.83,Matches
414,Luke Shaw\Luke-Shaw,eng ENG,DF,Manchester Utd,25-239,1995,21.5,55.8,68.8,81.1,871.7,368.1,32.0,34.7,92.2,18.8,22.5,83.6,3.86,8.28,46.6,0.23,0.18,0.05,2.28,2.70,1.58,0.65,5.12,Matches
415,Jonjo Shelvey\Jonjo-Shelvey,eng ENG,MF,Newcastle Utd,29-009,1992,18.1,37.6,51.7,72.8,932.4,272.7,11.5,13.6,84.2,15.7,19.3,81.4,10.2,17.8,57.3,0.06,0.08,-0.03,1.44,5.25,0.94,0.17,4.42,Matches
416,Shola Shoretire\Shola-Shoretire,eng ENG,FW,Manchester Utd,17-034,2004,0.0,3,4,75.0,39,12,2,2,100.0,1,1,100.0,0,0,,0,0.0,0.0,0,1,0,0,0,Matches
417,Gylfi Sigurðsson\Gylfi-Sigurdsson,is ISL,MF,Everton,31-181,1989,15.9,31.4,39.9,78.7,580.6,142.6,13.5,15.7,85.9,12.5,14.2,88.1,4.59,8.18,56.2,0.25,0.22,0.03,1.82,2.08,0.63,0.19,2.20,Matches
418,Bernardo Silva\Bernardo-Silva,pt POR,MFFW,Manchester City,26-210,1994,17.4,57.0,63.6,89.5,982.5,157.3,27.5,29.5,93.2,22.6,24.4,92.5,5.57,7.01,79.5,0.17,0.14,0.03,1.21,3.85,1.32,0.00,3.33,Matches
419,Fábio Silva\Fabio-Silva,pt POR,FW,Wolves,18-232,2002,8.9,14.8,20.0,74.2,211.3,27.8,8.31,10.2,81.3,4.72,5.84,80.8,0.79,1.91,41.2,0.00,0.04,-0.04,0.90,0.34,0.34,0.00,0.79,Matches
420,Thiago Silva\Thiago-Silva,br BRA,DF,Chelsea,36-167,1984,16.2,83.5,89.2,93.6,1827.8,564.4,22.5,23.5,96.1,44.8,46.3,96.8,15.7,18.6,84.4,0.00,0.01,-0.01,0.19,5.56,0.25,0.00,4.07,Matches
421,Moussa Sissoko\Moussa-Sissoko,fr FRA,MF,Tottenham,31-204,1989,15.8,38.0,44.9,84.8,677.2,147.8,16.8,19.3,86.9,16.5,18.0,91.2,4.05,6.01,67.4,0.00,0.03,-0.03,0.32,2.72,0.38,0.13,2.03,Matches
422,Islam Slimani\Islam-Slimani,dz ALG,FW,Leicester City,32-263,1988,0.2,40.0,55.0,72.7,540.0,80.0,25.0,30.0,83.3,15.0,25.0,60.0,0.00,0.00,,0.00,0.00,0.00,5.00,0.00,0.00,0.00,5.00,Matches
423,William Smallbone\William-Smallbone,ie IRL,MF,Southampton,21-015,2000,1.9,33.7,41.1,82.1,585.8,127.9,14.7,16.3,90.3,16.3,17.9,91.2,2.11,5.79,36.4,0.00,0.00,0.00,0.00,2.11,0.53,0.00,2.63,Matches
424,Emile Smith-Rowe\Emile-Smith-Rowe,eng ENG,MFFW,Arsenal,20-223,2000,9.5,38.1,44.4,85.8,557.6,114.5,22.4,24.8,90.3,12.7,14.3,89.0,1.68,2.32,72.7,0.42,0.21,0.21,1.47,2.32,0.95,0.21,2.53,Matches
425,Robert Snodgrass\Robert-Snodgrass,sco SCO,FWDF,West Ham,33-182,1987,0.1,30.0,30.0,100.0,350.0,130.0,30.0,30.0,100.0,0.00,0.00,,0.00,0.00,,0.00,0.00,0.00,0.00,0.00,0.00,0.00,0.00,Matches
426,Robert Snodgrass\Robert-Snodgrass,sco SCO,MFFW,West Brom,33-182,1987,5.6,17.7,22.7,78.0,290.4,93.8,9.64,11.6,83.1,6.25,8.57,72.9,1.25,1.96,63.6,0.00,0.05,-0.05,0.54,1.61,0.71,0.00,2.50,Matches
427,Cédric Soares\Cedric-Soares,pt POR,DF,Arsenal,29-189,1991,6.8,42.2,55.9,75.5,698.2,268.2,23.4,26.6,87.8,14.6,19.1,76.2,3.82,8.09,47.3,0.15,0.13,0.01,0.88,3.53,0.88,0.29,3.38,Matches
428,Tomáš Souček\Tomas-Soucek,cz CZE,MF,West Ham,26-009,1995,26.0,28.7,38.3,74.7,554.2,141.2,11.9,16.0,74.3,11.7,15.3,76.3,4.58,5.77,79.3,0.00,0.04,-0.04,0.46,2.46,0.27,0.04,2.73,Matches
429,Çağlar Söyüncü\Caglar-Soyuncu,tr TUR,DF,Leicester City,24-289,1996,12.2,56.4,63.6,88.7,1085.4,338.0,19.3,20.7,92.9,30.5,32.7,93.2,5.82,9.10,64.0,0.00,0.01,-0.01,0.25,2.95,0.25,0.08,3.36,Matches
430,Zack Steffen\Zack-Steffen,us USA,GK,Manchester City,25-340,1995,1.0,23.0,28.0,82.1,512.0,236.0,8.00,8.00,100.0,8.00,8.00,100.0,7.00,12.0,58.3,0.00,0.00,0.00,0.00,0.00,0.00,0.00,0.00,Matches
431,Dale Stephens\Dale-Stephens,eng ENG,MF,Burnley,31-269,1989,2.9,35.5,42.8,83.1,653.1,182.1,15.2,16.9,89.8,13.4,15.9,84.8,5.86,7.93,73.9,0.00,0.00,0.00,0.00,2.41,1.03,0.00,4.14,Matches
432,Jack Stephens\Jack-Stephens,eng ENG,DF,Southampton,27-040,1994,11.4,50.4,61.8,81.4,1060.0,367.2,14.5,17.0,85.1,27.8,31.0,89.8,7.46,12.4,60.3,0.00,0.04,-0.04,0.53,3.68,0.70,0.00,3.25,Matches
433,Raheem Sterling\Raheem-Sterling,eng ENG,FW,Manchester City,26-090,1994,22.9,33.1,39.0,84.8,434.6,81.3,22.1,24.5,90.2,8.73,9.78,89.3,0.83,1.53,54.3,0.22,0.14,0.08,1.31,1.31,1.05,0.22,2.14,Matches
434,Enda Stevens\Enda-Stevens,ie IRL,DF,Sheffield Utd,30-242,1990,20.0,37.6,48.8,77.2,655.4,283.7,18.7,20.4,91.7,14.5,18.4,78.8,3.85,8.10,47.5,0.00,0.03,-0.03,0.45,3.15,1.05,0.20,4.30,Matches
435,John Stones\John-Stones,eng ENG,DF,Manchester City,26-284,1994,17.0,78.7,83.4,94.4,1530.9,386.2,29.2,30.4,96.1,38.8,40.1,96.8,10.0,11.5,87.2,0.00,0.01,-0.01,0.06,5.59,0.06,0.00,2.94,Matches
436,Pascal Struijk\Pascal-Struijk,nl NED,DFMF,Leeds United,21-209,1999,14.8,53.9,61.2,88.1,1176.3,296.8,13.7,15.3,89.4,30.8,33.2,92.9,8.92,11.8,75.9,0.00,0.01,-0.01,0.07,2.09,0.14,0.00,2.30,Matches
437,Japhet Tanganga\Japhet-Tanganga,eng ENG,DF,Tottenham,21-342,1999,1.5,36.7,46.7,78.6,570.7,210.7,21.3,26.0,82.1,13.3,16.7,80.0,2.00,3.33,60.0,0.00,0.00,0.00,0.00,2.00,0.67,0.67,2.00,Matches
438,Matt Targett\Matt-Targett,eng ENG,DF,Aston Villa,25-171,1995,25.8,43.4,57.0,76.1,799.1,387.9,19.2,22.1,87.0,17.6,22.4,78.9,5.39,9.96,54.1,0.04,0.06,-0.02,0.85,4.03,1.40,0.27,6.05,Matches
439,James Tarkowski\James-Tarkowski,eng ENG,DF,Burnley,28-109,1992,26.0,23.8,33.0,72.2,594.5,211.5,6.19,8.15,75.9,10.5,13.1,80.3,7.04,11.1,63.5,0.00,0.02,-0.02,0.23,1.69,0.19,0.04,1.85,Matches
440,Percy Tau\Percy-Tau,za RSA,FWMF,Brighton,26-299,1994,0.9,16.7,24.4,68.2,241.1,38.9,8.89,13.3,66.7,6.67,7.78,85.7,0.00,2.22,0.0,0.00,0.00,0.00,1.11,0.00,0.00,0.00,1.11,Matches
441,Sidnei Tavares\Sidnei-Tavares,pt POR,MF,Leicester City,19-160,2001,0.9,21.1,28.9,73.1,343.3,57.8,12.2,17.8,68.8,7.78,8.89,87.5,1.11,1.11,100.0,0.00,0.00,0.00,0.00,0.00,0.00,0.00,1.11,Matches
442,Charlie Taylor\Charlie-Taylor,eng ENG,DF,Burnley,27-171,1993,19.3,35.0,49.0,71.4,658.9,275.7,16.2,18.7,86.7,13.5,17.7,76.5,4.92,10.7,45.9,0.05,0.04,0.01,0.52,3.06,0.78,0.62,2.64,Matches
443,Neil Taylor\Neil-Taylor,wal WAL,DF,Aston Villa,32-029,1989,0.2,50.0,55.0,90.9,600.0,145.0,40.0,40.0,100.0,10.0,15.0,66.7,0.00,0.00,,0.00,0.00,0.00,0.00,0.00,0.00,0.00,0.00,Matches
444,Allan Tchaptchet\Allan-Tchaptchet,fr FRA,DF,Southampton,19-077,2001,0.1,0.00,20.0,0.0,0.00,0.00,0.00,10.0,0.0,0.00,0.00,,0.00,0.00,,0.00,0.00,0.00,0.00,0.00,0.00,0.00,0.00,Matches
445,Nathan Tella\Nathan-Tella,eng ENG,FWMF,Southampton,21-246,1999,3.7,11.4,15.1,75.0,159.7,23.5,5.68,7.03,80.8,4.59,5.95,77.3,0.27,0.81,33.3,0.00,0.00,0.00,0.00,0.54,0.27,0.27,0.27,Matches
446,Alex Telles\Alex-Telles,br BRA,DF,Manchester Utd,28-083,1992,5.7,63.9,79.3,80.5,1052.6,437.5,33.5,35.4,94.6,22.5,26.7,84.2,5.79,14.2,40.7,0.35,0.14,0.21,1.75,5.09,2.11,0.35,6.84,Matches
447,Kenny Tete\Kenny-Tete,nl NED,DF,Fulham,25-150,1995,10.6,36.5,50.7,72.1,641.7,275.3,17.2,20.5,83.9,15.0,20.1,74.6,3.58,6.42,55.9,0.09,0.14,-0.05,1.32,1.04,1.89,1.42,3.21,Matches
448,Luke Thomas\Luke-Thomas,eng ENG,DF,Leicester City,19-271,2001,4.5,26.9,38.9,69.1,397.3,140.0,16.7,21.3,78.1,8.67,12.2,70.9,1.11,4.00,27.8,0.00,0.00,0.00,0.22,1.78,0.22,0.22,1.56,Matches
449,Youri Tielemans\Youri-Tielemans,be BEL,MF,Leicester City,23-305,1997,27.3,52.3,66.0,79.3,1012.9,257.7,20.5,23.0,89.5,23.1,26.8,86.3,7.80,14.1,55.3,0.11,0.07,0.04,0.88,5.68,1.14,0.07,5.20,Matches
450,Kieran Tierney\Kieran-Tierney,sco SCO,DF,Arsenal,23-276,1997,19.9,47.2,61.9,76.4,875.1,251.1,19.3,22.1,87.7,22.2,26.3,84.3,5.33,11.6,45.9,0.05,0.17,-0.12,1.41,2.41,1.41,0.55,4.22,Matches
451,James Tomkins\James-Tomkins,eng ENG,DF,Crystal Palace,31-344,1989,4.3,23.5,30.5,77.1,552.8,201.2,5.12,6.05,84.6,12.6,13.5,93.1,5.58,10.2,54.5,0.00,0.00,0.00,0.00,2.56,0.00,0.00,0.70,Matches
452,Fikayo Tomori\Fikayo-Tomori,eng ENG,DF,Chelsea,23-079,1997,0.5,54.0,58.0,93.1,1148.0,322.0,12.0,12.0,100.0,34.0,36.0,94.4,8.00,10.0,80.0,0.00,0.00,0.00,0.00,0.00,0.00,0.00,0.00,Matches
453,Ferrán Torres\Ferran-Torres,es ESP,FW,Manchester City,21-007,2000,8.9,25.2,30.2,83.3,402.4,75.6,13.3,15.2,87.4,9.89,11.2,88.0,1.35,2.70,50.0,0.22,0.13,0.09,0.79,1.24,1.12,0.11,2.47,Matches
454,Cenk Tosun\Cenk-Tosun,tr TUR,FW,Everton,29-274,1991,0.5,16.0,20.0,80.0,302.0,28.0,8.00,8.00,100.0,6.00,6.00,100.0,2.00,4.00,50.0,0.00,0.20,-0.20,2.00,0.00,0.00,0.00,0.00,Matches
455,Andros Townsend\Andros-Townsend,eng ENG,MFFW,Crystal Palace,29-235,1991,20.0,23.2,34.4,67.5,401.5,150.4,11.8,14.2,83.4,7.40,9.85,75.1,3.05,7.85,38.9,0.20,0.13,0.07,1.40,1.65,1.45,0.70,2.95,Matches
456,Conor Townsend\Conor-Townsend,eng ENG,DF,West Brom,28-004,1993,14.8,39.7,52.3,75.8,734.7,343.5,17.3,19.3,89.5,17.9,22.2,80.8,4.05,9.59,42.3,0.00,0.07,-0.07,0.81,3.58,0.95,0.54,5.68,Matches
457,Adama Traoré\Adama-Traore,es ESP,FWDF,Wolves,25-042,1996,20.8,19.5,29.7,65.5,319.4,87.3,10.1,13.2,76.7,6.97,10.5,66.5,1.83,3.46,52.8,0.00,0.18,-0.18,1.92,1.54,1.06,0.72,2.16,Matches
458,Bertrand Traoré\Bertrand-Traore,bf BFA,FW,Aston Villa,25-183,1995,16.1,24.3,33.9,71.8,465.3,111.4,10.9,13.1,82.9,8.70,11.0,79.1,4.16,8.14,51.1,0.19,0.09,0.10,0.99,1.30,0.81,0.37,2.17,Matches
459,Trézéguet\Trezeguet,eg EGY,FW,Aston Villa,26-158,1994,10.1,17.2,24.8,69.6,285.0,89.8,7.82,10.1,77.5,6.73,9.41,71.6,1.58,3.17,50.0,0.10,0.19,-0.09,0.89,1.58,0.59,0.30,2.28,Matches
460,Leandro Trossard\Leandro-Trossard,be BEL,FWMF,Brighton,26-094,1994,20.3,28.7,38.7,74.0,565.7,160.5,11.9,15.0,79.6,11.7,14.1,82.9,4.53,7.09,63.9,0.20,0.17,0.03,1.72,2.71,2.46,0.69,4.63,Matches
461,Kostas Tsimikas\Kostas-Tsimikas,gr GRE,DF,Liverpool,24-300,1996,0.1,60.0,80.0,75.0,1180.0,0.00,40.0,40.0,100.0,10.0,20.0,50.0,10.0,20.0,50.0,0.00,0.00,0.00,0.00,0.00,0.00,0.00,0.00,Matches
462,Axel Tuanzebe\Axel-Tuanzebe,eng ENG,DF,Manchester Utd,23-114,1997,1.5,72.7,78.0,93.2,1440.7,330.0,26.0,27.3,95.1,36.7,38.0,96.5,10.0,11.3,88.2,0.00,0.00,0.00,0.00,4.00,0.00,0.00,4.67,Matches
463,Cengiz Ünder\Cengiz-Under,tr TUR,MFFW,Leicester City,23-237,1997,3.1,29.4,41.6,70.5,501.9,161.0,16.1,19.7,82.0,9.68,12.3,78.9,3.23,6.13,52.6,0.65,0.58,0.06,1.94,1.61,3.23,1.29,3.23,Matches
464,Yan Valery\Yan-Valery,fr FRA,DFMF,Southampton,22-014,1999,1.1,48.2,58.2,82.8,802.7,244.5,22.7,24.5,92.6,23.6,25.5,92.9,1.82,5.45,33.3,0.00,0.00,0.00,0.00,0.00,1.82,0.91,1.82,Matches
465,Jamie Vardy\Jamie-Vardy,eng ENG,FW,Leicester City,34-056,1987,21.7,8.25,13.0,63.3,118.5,19.8,5.25,7.47,70.4,2.21,3.46,64.0,0.51,0.97,52.4,0.23,0.12,0.11,0.78,0.41,0.28,0.00,0.74,Matches
466,Joël Veltman\Joel-Veltman,nl NED,DF,Brighton,29-052,1992,18.3,44.8,58.8,76.1,890.2,363.4,16.7,19.5,86.0,21.4,26.9,79.5,6.39,11.3,56.8,0.00,0.05,-0.05,0.82,3.93,1.75,0.71,5.19,Matches
467,Jannik Vestergaard\Jannik-Vestergaard,dk DEN,DF,Southampton,28-217,1992,18.5,50.6,60.8,83.4,1046.5,375.0,17.4,18.9,92.0,26.0,29.9,87.0,7.03,11.1,63.4,0.00,0.02,-0.02,0.22,3.62,0.32,0.00,2.65,Matches
468,Rúben Vinagre\Ruben-Vinagre,pt POR,DF,Wolves,21-333,1999,1.9,43.2,51.6,83.7,689.5,170.5,23.2,25.3,91.7,16.3,21.1,77.5,3.68,4.74,77.8,0.00,0.00,0.00,0.00,1.05,0.53,0.53,1.05,Matches
469,Carlos Vinícius\Carlos-Vinicius,br BRA,FW,Tottenham,25-348,1995,1.9,8.95,14.2,63.0,130.0,29.5,3.16,5.79,54.5,2.63,3.68,71.4,1.05,2.11,50.0,0.00,0.05,-0.05,1.05,1.05,0.53,0.00,1.58,Matches
470,Vitinha\Vitinha,pt POR,MF,Wolves,21-023,2000,2.6,58.8,64.6,91.1,984.6,90.8,26.9,30.0,89.7,24.6,25.0,98.5,5.77,7.69,75.0,0.38,0.08,0.31,1.92,4.23,0.00,0.00,1.15,Matches
471,Jake Vokins\Jake-Vokins,eng ENG,DF,Southampton,20-356,2000,0.7,28.6,31.4,90.9,530.0,164.3,10.0,10.0,100.0,18.6,18.6,100.0,0.00,1.43,0.0,0.00,0.29,-0.29,2.86,0.00,2.86,1.43,4.29,Matches
472,Matěj Vydra\Matej-Vydra,cz CZE,FW,Burnley,28-311,1992,8.9,13.3,17.5,75.6,162.5,19.1,9.21,11.1,82.8,2.36,3.26,72.4,0.67,1.12,60.0,0.00,0.11,-0.11,0.90,0.45,0.56,0.22,0.56,Matches
473,Theo Walcott\Theo-Walcott,eng ENG,FW,Everton,31-357,1989,0.1,10.0,10.0,100.0,180.0,100.0,0.00,0.00,,10.0,10.0,100.0,0.00,0.00,,0.00,0.00,0.00,0.00,0.00,0.00,0.00,0.00,Matches
474,Theo Walcott\Theo-Walcott,eng ENG,MFFW,Southampton,31-357,1989,13.7,17.2,23.8,72.1,237.7,47.1,10.7,12.6,85.5,5.04,7.30,69.0,0.58,1.97,29.6,0.15,0.06,0.09,0.80,1.02,0.73,0.22,1.46,Matches
475,Kyle Walker\Kyle-Walker,eng ENG,DF,Manchester City,30-284,1990,16.6,76.3,85.9,88.8,1518.9,403.7,28.2,30.5,92.5,37.1,40.1,92.6,10.4,13.6,76.4,0.06,0.03,0.03,0.36,7.83,0.48,0.06,4.88,Matches
476,Kyle Walker-Peters\Kyle-Walker-Peters,eng ENG,DF,Southampton,23-329,1997,19.8,46.3,57.7,80.3,775.6,248.4,23.3,25.6,91.3,17.5,21.5,81.6,4.44,7.63,58.3,0.05,0.03,0.03,0.56,1.92,0.40,0.00,2.83,Matches
477,Aaron Wan-Bissaka\Aaron-Wan-Bissaka,eng ENG,DF,Manchester Utd,23-102,1997,26.0,50.0,58.7,85.1,750.0,275.4,29.0,31.6,91.8,18.5,21.3,87.0,1.85,3.65,50.5,0.08,0.05,0.03,0.65,2.58,0.65,0.31,3.73,Matches
478,Joel Ward\Joel-Ward,eng ENG,DF,Crystal Palace,31-130,1989,15.1,31.6,44.4,71.1,529.3,258.1,16.0,18.5,86.1,11.5,15.8,72.8,3.11,7.42,42.0,0.07,0.03,0.04,0.33,2.52,0.40,0.13,2.72,Matches
479,James Ward-Prowse\James-Ward-Prowse,eng ENG,MF,Southampton,26-127,1994,27.0,57.1,70.1,81.5,1007.0,259.0,25.5,28.1,90.8,24.6,27.0,91.3,5.78,13.0,44.3,0.19,0.10,0.08,1.44,4.07,0.59,0.00,4.00,Matches
480,Ollie Watkins\Ollie-Watkins,eng ENG,FW,Aston Villa,25-068,1995,26.0,16.0,22.5,71.1,213.5,38.7,10.4,13.7,76.3,4.38,6.04,72.6,0.38,0.88,43.5,0.12,0.11,0.00,1.08,1.19,0.58,0.12,1.00,Matches
481,Caleb Watts\Caleb-Watts,au AUS,MFFW,Southampton,19-051,2002,0.2,15.0,30.0,50.0,335.0,145.0,10.0,20.0,50.0,0.00,5.00,0.0,5.00,5.00,100.0,0.00,0.00,0.00,0.00,0.00,5.00,5.00,0.00,Matches
482,Adam Webster\Adam-Webster,eng ENG,DF,Brighton,26-063,1995,21.8,49.9,61.3,81.4,1090.0,374.4,13.4,15.9,84.7,27.3,30.6,89.3,8.81,13.5,65.3,0.00,0.01,-0.01,0.28,4.91,0.28,0.05,3.99,Matches
483,Danny Welbeck\Danny-Welbeck,eng ENG,FW,Brighton,30-102,1990,8.3,9.40,12.2,77.2,130.6,28.1,6.27,8.07,77.6,2.17,2.53,85.7,0.84,0.96,87.5,0.00,0.08,-0.08,0.96,0.60,0.12,0.00,1.08,Matches
484,Timo Werner\Timo-Werner,de GER,FW,Chelsea,25-002,1996,21.5,23.7,30.8,76.8,357.3,72.7,12.7,15.6,81.3,9.07,10.6,85.9,0.98,2.09,46.7,0.23,0.13,0.10,0.88,1.21,0.79,0.23,2.19,Matches
485,Ashley Westwood\Ashley-Westwood,eng ENG,MF,Burnley,30-341,1990,27.9,41.9,56.6,74.1,888.1,286.7,14.8,16.8,87.8,17.0,20.3,83.7,8.85,17.1,51.8,0.07,0.14,-0.07,1.29,4.73,2.01,0.39,5.09,Matches
486,Ben White\Ben-White,eng ENG,DFMF,Brighton,23-151,1997,25.5,40.7,49.3,82.4,842.4,256.8,13.6,15.2,89.7,20.2,22.6,89.6,6.43,10.5,61.2,0.00,0.02,-0.02,0.27,3.25,0.59,0.04,3.29,Matches
487,Georginio Wijnaldum\Georginio-Wijnaldum,nl NED,MF,Liverpool,30-117,1990,25.3,50.8,54.6,93.0,881.7,169.6,24.1,25.7,93.8,20.8,21.9,94.9,4.78,5.42,88.3,0.00,0.05,-0.05,0.67,4.55,0.63,0.04,2.96,Matches
488,Brandon Williams\Brandon-Williams,eng ENG,DF,Manchester Utd,20-186,2000,0.1,60.0,80.0,75.0,1150.0,90.0,30.0,40.0,75.0,10.0,20.0,50.0,20.0,20.0,100.0,0.00,0.00,0.00,0.00,10.0,0.00,0.00,0.00,Matches
489,Neco Williams\Neco-Williams,wal WAL,DF,Liverpool,19-329,2001,2.8,55.7,76.1,73.2,911.1,310.7,28.9,32.5,89.0,18.9,23.2,81.5,5.36,12.1,44.1,0.00,0.11,-0.11,1.07,3.57,0.36,0.36,5.71,Matches
490,Rhys Williams\Rhys-Williams,eng ENG,DF,Liverpool,20-033,2001,2.3,72.2,79.1,91.2,1663.5,457.4,16.1,19.1,84.1,37.0,38.7,95.5,19.1,20.9,91.7,0.00,0.09,-0.09,0.43,4.35,0.43,0.00,3.48,Matches
491,Willian\Willian,br BRA,FWMF,Arsenal,32-211,1988,13.1,39.2,49.8,78.7,733.4,137.9,18.2,20.6,88.1,15.6,18.6,83.6,5.19,9.47,54.8,0.38,0.15,0.23,1.60,1.98,1.91,0.53,3.13,Matches
492,Joe Willock\Joe-Willock,eng ENG,MF,Arsenal,21-200,1999,2.6,26.5,35.0,75.8,414.6,107.3,13.5,16.2,83.3,10.8,13.1,82.4,1.15,3.46,33.3,0.00,0.00,0.00,0.77,3.46,1.54,0.38,2.31,Matches
493,Joe Willock\Joe-Willock,eng ENG,MF,Newcastle Utd,21-200,1999,4.9,14.7,19.6,75.0,250.4,102.7,6.73,7.96,84.6,6.33,8.37,75.6,0.82,2.24,36.4,0.00,0.12,-0.12,1.02,2.24,0.41,0.00,2.86,Matches
494,Callum Wilson\Callum-Wilson,eng ENG,FW,Newcastle Utd,29-009,1992,20.1,11.2,16.1,69.4,154.2,30.1,6.67,8.86,75.3,3.33,4.33,77.0,0.45,0.70,64.3,0.25,0.10,0.15,0.70,0.45,0.65,0.00,0.95,Matches
495,Harry Winks\Harry-Winks,eng ENG,MF,Tottenham,25-034,1996,7.1,57.6,67.9,84.9,1087.0,288.7,24.2,26.6,91.0,25.2,27.6,91.3,7.75,11.5,67.1,0.00,0.04,-0.04,0.56,7.61,0.56,0.00,5.21,Matches
496,Chris Wood\Chris-Wood,nz NZL,FW,Burnley,29-091,1991,20.9,14.0,21.1,66.4,190.2,25.7,8.42,12.0,70.4,4.21,6.03,69.8,0.48,0.81,58.8,0.00,0.05,-0.05,0.67,0.72,0.19,0.00,1.05,Matches
497,Granit Xhaka\Granit-Xhaka,ch SUI,MF,Arsenal,28-162,1992,21.1,64.6,72.6,89.0,1309.4,327.5,23.1,25.5,90.7,30.7,32.9,93.2,10.3,12.7,81.3,0.09,0.06,0.03,0.62,8.67,1.14,0.00,7.54,Matches
498,Andriy Yarmolenko\Andriy-Yarmolenko,ua UKR,FWMF,West Ham,31-136,1989,4.0,27.5,34.8,79.1,486.5,132.5,15.0,17.3,87.0,8.50,11.8,72.3,3.75,5.00,75.0,0.25,0.25,0.00,1.25,2.50,1.00,0.25,2.50,Matches
499,DeAndre Yedlin\DeAndre-Yedlin,us USA,DF,Newcastle Utd,27-242,1993,4.8,23.1,35.8,64.5,366.7,168.5,12.7,15.8,80.3,7.50,11.5,65.5,2.29,6.46,35.5,0.00,0.02,-0.02,0.63,1.04,1.25,0.21,2.71,Matches
500,Okay Yokuşlu\Okay-Yokuslu,tr TUR,MF,West Brom,26-364,1994,4.9,33.1,38.4,86.2,579.4,163.7,16.3,18.0,90.9,11.4,13.5,84.8,4.29,5.51,77.8,0.00,0.00,0.00,0.41,2.24,0.20,0.00,2.65,Matches
501,Wilfried Zaha\Wilfried-Zaha,ci CIV,FW,Crystal Palace,28-118,1992,19.0,20.2,26.8,75.3,293.7,64.2,12.5,15.7,79.9,5.74,6.95,82.6,1.16,1.95,59.5,0.11,0.11,0.00,0.79,0.84,1.05,0.16,2.05,Matches
502,Andre-Frank Zambo Anguissa\Andre-Frank-Zambo-Anguissa,cm CMR,MF,Fulham,25-112,1995,21.2,43.6,50.9,85.6,749.8,176.9,19.6,22.5,87.4,19.7,21.8,90.5,3.21,4.58,70.1,0.14,0.08,0.06,0.94,5.09,0.71,0.19,3.87,Matches
503,Andi Zeqiri\Andi-Zeqiri,ch SUI,FWDF,Brighton,21-259,1999,0.8,6.25,13.8,45.5,111.3,42.5,5.00,6.25,80.0,0.00,3.75,0.0,1.25,1.25,100.0,0.00,0.00,0.00,0.00,1.25,1.25,1.25,1.25,Matches
504,Oleksandr Zinchenko\Oleksandr-Zinchenko,ua UKR,DF,Manchester City,24-083,1996,11.1,85.1,93.7,90.9,1402.3,374.6,44.5,46.8,95.0,33.2,36.2,91.5,6.22,8.47,73.4,0.00,0.04,-0.04,0.63,7.39,0.81,0.00,5.68,Matches
505,Hakim Ziyech\Hakim-Ziyech,ma MAR,FWMF,Chelsea,27-354,1993,8.7,45.2,60.8,74.3,787.7,213.3,21.7,25.7,84.4,16.7,20.1,82.9,5.52,12.2,45.3,0.34,0.28,0.07,2.64,4.02,2.30,0.46,5.29,Matches
506,Kurt Zouma\Kurt-Zouma,fr FRA,DF,Chelsea,26-132,1994,16.0,68.6,75.5,90.9,1555.6,389.4,16.2,17.4,93.2,38.8,40.9,94.8,13.4,16.5,81.1,0.00,0.00,0.00,0.06,4.63,0.13,0.00,3.00,Matches
507,Martin Ødegaard\Martin-Odegaard,no NOR,MF,Arsenal,22-081,1998,3.3,42.4,50.0,84.8,634.5,152.4,22.1,23.3,94.8,13.9,16.1,86.8,3.64,6.06,60.0,0.30,0.09,0.21,1.52,3.03,0.91,0.00,3.94,Matches