Rk,Player,Nation,Pos,Squad,Age,Born,90s,Tkl,TklW,Def 3rd,Mid 3rd,Att 3rd,Tkl,Att,Tkl%,Past,Press,Succ,%,Def 3rd,Mid 3rd,Att 3rd,Blocks,Sh,ShSv,Pass,Int,Tkl+Int,Clr,Err,Matches
1,Patrick van Aanholt\Patrick-van-Aanholt,nl NED,DF,Crystal Palace,30-191,1990,15.7,1.66,1.02,1.08,0.51,0.06,0.70,1.91,36.7,1.21,9.62,2.87,29.8,5.80,2.80,1.02,1.40,0.25,0.00,1.15,1.72,3.38,1.78,0.06,Matches
2,Tammy Abraham\Tammy-Abraham,eng ENG,FW,Chelsea,23-157,1997,11.3,0.53,0.27,0.18,0.27,0.09,0.00,0.35,0.0,0.35,13.5,3.19,23.7,0.97,5.66,6.81,0.80,0.18,0.00,0.62,0.18,0.71,1.33,0.00,Matches
3,Che Adams\Che-Adams,eng ENG,FW,Southampton,24-238,1996,22.1,1.13,0.63,0.18,0.54,0.41,0.23,0.81,27.8,0.59,13.2,4.66,35.3,1.63,4.48,7.10,0.81,0.09,0.00,0.72,0.27,1.40,0.54,0.00,Matches
4,Tosin Adarabioyo\Tosin-Adarabioyo,eng ENG,DF,Fulham,23-165,1997,24.0,1.21,0.83,1.00,0.21,0.00,0.50,1.04,48.0,0.54,5.33,1.63,30.5,3.71,1.50,0.13,1.21,0.67,0.00,0.54,1.50,2.71,7.63,0.04,Matches
5,Adrián\Adrian,es ESP,GK,Liverpool,34-064,1987,3.0,0.00,0.00,0.00,0.00,0.00,0.00,0.00,,0.00,0.33,0.00,0.0,0.33,0.00,0.00,0.00,0.00,0.00,0.00,0.00,0.00,0.00,0.33,Matches
6,Sergio Agüero\Sergio-Aguero,ar ARG,FW,Manchester City,32-279,1988,2.3,0.00,0.00,0.00,0.00,0.00,0.00,0.43,0.0,0.43,11.3,2.17,19.2,1.74,2.61,6.96,1.30,0.00,0.00,1.30,0.87,0.87,0.43,0.00,Matches
7,Ola Aina\Ola-Aina,ng NGA,DF,Fulham,24-151,1996,23.2,1.68,0.91,0.95,0.52,0.22,0.52,1.16,44.4,0.65,8.10,2.03,25.0,4.05,3.23,0.82,1.72,0.22,0.00,1.51,1.72,3.41,4.22,0.00,Matches
8,Rayan Aït Nouri\Rayan-Ait-Nouri,fr FRA,DF,Wolves,19-275,2001,7.8,1.92,1.03,0.77,1.03,0.13,1.03,1.79,57.1,0.77,13.1,3.72,28.4,6.28,5.00,1.79,1.67,0.00,0.00,1.67,0.90,2.82,2.56,0.00,Matches
9,Semi Ajayi\Semi-Ajayi,ng NGA,DF,West Brom,27-119,1993,23.3,2.06,1.42,1.59,0.39,0.09,0.60,1.12,53.8,0.52,11.4,4.64,40.6,7.60,3.26,0.56,1.85,1.03,0.09,0.82,1.12,3.18,4.64,0.04,Matches
10,Nathan Aké\Nathan-Ake,nl NED,DF,Manchester City,26-018,1995,5.2,0.96,0.38,0.58,0.19,0.19,0.38,0.38,100.0,0.00,5.58,2.12,37.9,1.73,2.69,1.15,0.58,0.19,0.00,0.38,0.58,1.54,2.69,0.00,Matches
11,Marc Albrighton\Marc-Albrighton,eng ENG,FWDF,Leicester City,31-110,1989,13.4,2.31,1.72,0.82,0.90,0.60,1.12,2.61,42.9,1.49,17.0,6.87,40.4,5.45,6.79,4.78,1.87,0.15,0.07,1.72,1.42,3.73,1.42,0.00,Matches
12,Thiago Alcántara\Thiago-Alcantara,es ESP,MF,Liverpool,29-331,1991,11.8,2.80,1.86,1.02,1.27,0.51,0.93,2.29,40.7,1.36,16.8,5.68,33.8,3.98,9.58,3.22,1.02,0.00,0.00,1.02,1.27,4.07,0.93,0.00,Matches
13,Toby Alderweireld\Toby-Alderweireld,be BEL,DF,Tottenham,32-006,1989,16.9,1.83,0.77,1.07,0.77,0.00,0.71,1.36,52.2,0.65,8.82,2.90,32.9,5.33,3.37,0.12,2.01,1.18,0.06,0.83,0.18,2.01,7.10,0.00,Matches
14,Rúnar Alex Rúnarsson\Runar-Alex-Runarsson,is ISL,GK,Arsenal,26-018,1995,0.2,0.00,0.00,0.00,0.00,0.00,0.00,0.00,,0.00,0.00,0.00,,0.00,0.00,0.00,0.00,0.00,0.00,0.00,0.00,0.00,0.00,0.00,Matches
15,Trent Alexander-Arnold\Trent-Alexander-Arnold,eng ENG,DF,Liverpool,22-152,1998,23.7,1.86,1.18,0.93,0.68,0.25,1.18,1.98,59.6,0.80,9.20,3.33,36.2,3.00,3.59,2.62,1.31,0.08,0.00,1.22,0.76,2.62,1.81,0.04,Matches
16,Ezgjan Alioski\Ezgjan-Alioski,mk MKD,DFMF,Leeds United,29-024,1992,16.5,2.97,1.39,1.03,1.58,0.36,0.79,2.48,31.7,1.70,19.2,5.70,29.7,8.06,8.24,2.85,1.58,0.30,0.00,1.27,0.91,3.88,2.18,0.00,Matches
17,Alisson\Alisson,br BRA,GK,Liverpool,28-157,1992,23.0,0.00,0.00,0.00,0.00,0.00,0.00,0.04,0.0,0.04,0.13,0.00,0.0,0.13,0.00,0.00,0.00,0.00,0.00,0.00,0.00,0.00,0.04,0.17,Matches
18,Allan\Allan,br BRA,MF,Everton,30-059,1991,12.8,2.97,1.95,1.25,1.56,0.16,0.94,3.67,25.5,2.73,25.9,7.50,29.0,11.3,13.0,1.48,2.03,0.63,0.00,1.41,0.78,3.75,1.17,0.00,Matches
19,Dele Alli\Dele-Alli,eng ENG,MF,Tottenham,24-331,1996,2.3,2.17,1.30,1.74,0.00,0.43,0.87,2.17,40.0,1.30,32.6,6.96,21.3,5.22,15.7,11.7,0.87,0.00,0.00,0.87,1.30,3.48,0.43,0.00,Matches
20,Miguel Almirón\Miguel-Almiron,py PAR,MFFW,Newcastle Utd,27-026,1994,17.6,2.22,1.31,1.02,1.02,0.17,0.68,2.16,31.6,1.48,18.4,4.55,24.7,6.08,7.39,4.94,1.31,0.06,0.00,1.25,1.02,3.24,0.97,0.06,Matches
21,Marcos Alonso\Marcos-Alonso,es ESP,DF,Chelsea,30-070,1990,6.8,1.32,0.74,0.59,0.59,0.15,0.15,1.47,10.0,1.32,14.1,4.26,30.2,6.91,4.71,2.50,2.35,0.15,0.00,2.21,0.59,1.91,3.97,0.00,Matches
22,Steven Alzate\Steven-Alzate,co COL,MFDF,Brighton,22-181,1998,8.2,2.07,1.59,1.34,0.37,0.37,0.24,0.73,33.3,0.49,15.2,5.85,38.4,4.39,6.95,3.90,1.83,0.12,0.00,1.71,0.61,2.68,1.10,0.12,Matches
23,Daniel Amartey\Daniel-Amartey,gh GHA,DF,Leicester City,26-077,1994,6.5,1.08,0.77,0.46,0.46,0.15,0.77,1.54,50.0,0.77,7.69,2.92,38.0,4.62,2.62,0.46,2.15,0.77,0.15,1.38,0.92,2.00,5.38,0.00,Matches
24,Ethan Ampadu\Ethan-Ampadu,wal WAL,DFMF,Sheffield Utd,20-175,2000,19.8,2.83,1.62,1.41,1.16,0.25,0.91,2.32,39.1,1.41,15.4,4.49,29.2,7.47,5.96,1.97,2.02,0.91,0.00,1.11,1.57,4.39,5.00,0.10,Matches
25,Joachim Andersen\Joachim-Andersen,dk DEN,DF,Fulham,24-281,1996,21.7,1.20,0.69,0.78,0.32,0.09,0.55,1.01,54.5,0.46,5.44,2.12,39.0,3.87,1.34,0.23,1.15,0.60,0.00,0.55,1.52,2.72,7.79,0.00,Matches
26,Elliot Anderson\Elliot-Anderson,sco SCO,MF,Newcastle Utd,18-122,2002,0.0,0,0,0,0,0,0,0,,0,3,1,33.3,0,3,0,0,0,0,0,0,0,0,0,Matches
27,Felipe Anderson\Felipe-Anderson,br BRA,FWMF,West Ham,27-327,1993,0.0,1,1,0,1,0,0,2,0.0,2,3,1,33.3,1,2,0,0,0,0,0,0,1,0,0,Matches
28,Michail Antonio\Michail-Antonio,eng ENG,FW,West Ham,30-345,1990,13.8,0.51,0.29,0.07,0.29,0.14,0.07,0.36,20.0,0.29,11.4,3.26,28.7,0.51,4.42,6.45,1.23,0.58,0.00,0.65,0.51,1.01,0.43,0.00,Matches
29,Alphonse Areola\Alphonse-Areola,fr FRA,GK,Fulham,28-009,1993,27.0,0.00,0.00,0.00,0.00,0.00,0.00,0.04,0.0,0.04,0.11,0.00,0.0,0.11,0.00,0.00,0.00,0.00,0.00,0.00,0.00,0.00,0.00,0.04,Matches
30,Stuart Armstrong\Stuart-Armstrong,sco SCO,MF,Southampton,28-343,1992,20.2,2.57,1.63,0.94,1.19,0.45,1.14,3.02,37.7,1.88,16.3,4.90,30.0,5.20,7.28,3.86,1.14,0.05,0.00,1.09,1.09,3.66,0.59,0.05,Matches
31,Kepa Arrizabalaga\Kepa-Arrizabalaga,es ESP,GK,Chelsea,26-156,1994,4.0,0.00,0.00,0.00,0.00,0.00,0.00,0.25,0.0,0.25,0.25,0.00,0.0,0.25,0.00,0.00,0.00,0.00,0.00,0.00,0.00,0.00,0.00,0.75,Matches
32,Pierre-Emerick Aubameyang\Pierre-Emerick-Aubameyang,ga GAB,FW,Arsenal,31-263,1989,20.6,0.53,0.15,0.15,0.34,0.05,0.15,0.83,17.6,0.68,12.0,3.11,25.9,1.89,5.05,5.05,1.02,0.10,0.00,0.92,0.19,0.73,0.58,0.00,Matches
33,Serge Aurier\Serge-Aurier,ci CIV,DF,Tottenham,28-074,1992,12.8,4.14,2.03,2.81,1.17,0.16,1.25,2.89,43.2,1.64,21.1,5.86,27.8,11.8,7.03,2.27,2.03,0.39,0.00,1.64,1.41,5.55,3.05,0.16,Matches
34,Charlie Austin\Charlie-Austin,eng ENG,FW,West Brom,31-246,1989,1.5,2.67,2.00,1.33,0.67,0.67,0.67,1.33,50.0,0.67,15.3,4.67,30.4,3.33,5.33,6.67,0.00,0.00,0.00,0.00,1.33,4.00,2.00,0.00,Matches
35,Jordan Ayew\Jordan-Ayew,gh GHA,FWMF,Crystal Palace,29-178,1991,17.6,1.87,1.42,0.40,1.08,0.40,0.40,1.70,23.3,1.31,27.9,6.93,24.8,5.00,14.5,8.35,1.19,0.06,0.00,1.14,1.02,2.90,0.45,0.00,Matches
36,Luke Ayling\Luke-Ayling,eng ENG,DF,Leeds United,29-195,1991,25.8,2.75,1.59,1.43,1.01,0.31,0.70,2.05,34.0,1.36,13.8,5.16,37.5,6.94,5.31,1.51,2.29,0.93,0.04,1.36,1.09,3.84,2.56,0.08,Matches
37,César Azpilicueta\Cesar-Azpilicueta,es ESP,DF,Chelsea,31-192,1989,15.6,1.99,1.03,0.96,0.64,0.38,0.71,1.22,57.9,0.51,14.0,4.23,30.1,6.15,5.45,2.44,1.67,0.26,0.00,1.41,1.15,3.14,3.97,0.06,Matches
38,Eric Bailly\Eric-Bailly,ci CIV,DF,Manchester Utd,26-330,1994,7.1,1.13,0.70,0.56,0.42,0.14,0.00,0.00,,0.00,6.06,2.25,37.2,2.82,3.10,0.14,1.83,1.69,0.00,0.14,2.25,3.38,5.35,0.00,Matches
39,Fabián Balbuena\Fabian-Balbuena,py PAR,DF,West Ham,29-197,1991,12.0,1.83,1.08,1.50,0.33,0.00,0.83,1.58,52.6,0.75,9.83,3.42,34.7,6.33,3.42,0.08,1.92,0.33,0.00,1.58,1.00,2.83,6.75,0.08,Matches
40,George Baldock\George-Baldock,eng ENG,DF,Sheffield Utd,27-364,1993,22.5,1.73,0.80,1.07,0.53,0.13,0.67,1.56,42.9,0.89,14.3,3.51,24.5,6.27,5.33,2.71,1.60,0.27,0.04,1.33,0.98,2.71,2.62,0.00,Matches
41,Gareth Bale\Gareth-Bale,wal WAL,FW,Tottenham,31-235,1989,5.6,1.43,0.89,0.71,0.18,0.54,0.36,1.25,28.6,0.89,12.1,2.86,23.5,2.50,5.89,3.75,1.61,0.18,0.00,1.43,0.71,2.14,2.14,0.00,Matches
42,Patrick Bamford\Patrick-Bamford,eng ENG,FW,Leeds United,27-184,1993,24.8,0.77,0.52,0.16,0.32,0.28,0.20,0.85,23.8,0.65,16.2,4.64,28.7,0.85,7.06,8.27,0.52,0.24,0.04,0.28,0.36,1.13,0.93,0.00,Matches
43,Phil Bardsley\Phil-Bardsley,sco SCO,DF,Burnley,35-253,1985,3.0,2.00,1.33,1.67,0.33,0.00,0.67,1.33,50.0,0.67,13.0,3.00,23.1,5.67,6.33,1.00,1.33,0.33,0.00,1.00,1.00,3.00,4.67,0.00,Matches
44,Ross Barkley\Ross-Barkley,eng ENG,MF,Aston Villa,27-093,1993,12.4,0.24,0.00,0.16,0.08,0.00,0.16,0.56,28.6,0.40,12.7,3.15,24.8,1.69,7.26,3.71,1.05,0.16,0.00,0.89,0.32,0.56,0.32,0.00,Matches
45,Ross Barkley\Ross-Barkley,eng ENG,MF,Chelsea,27-093,1993,0.5,0.00,0.00,0.00,0.00,0.00,0.00,0.00,,0.00,10.0,2.00,20.0,4.00,4.00,2.00,0.00,0.00,0.00,0.00,0.00,0.00,0.00,0.00,Matches
46,Ashley Barnes\Ashley-Barnes,eng ENG,FW,Burnley,31-129,1989,14.4,0.97,0.42,0.14,0.42,0.42,0.28,0.83,33.3,0.56,12.7,3.19,25.1,1.53,4.86,6.32,1.04,0.21,0.00,0.83,0.28,1.25,0.63,0.00,Matches
47,Harvey Barnes\Harvey-Barnes,eng ENG,FWMF,Leicester City,23-089,1997,21.6,1.02,0.65,0.42,0.28,0.32,0.19,0.88,21.1,0.69,10.5,3.24,31.0,2.82,4.17,3.47,1.11,0.19,0.00,0.93,0.74,1.76,0.56,0.00,Matches
48,Kyle Bartley\Kyle-Bartley,eng ENG,DF,West Brom,29-290,1991,18.8,0.90,0.64,0.59,0.32,0.00,0.37,1.01,36.8,0.64,7.77,2.39,30.8,4.36,2.98,0.43,2.55,1.28,0.05,1.28,0.96,1.86,7.23,0.00,Matches
49,Chris Basham\Chris-Basham,eng ENG,DFMF,Sheffield Utd,32-231,1988,22.6,2.79,1.86,1.68,0.88,0.22,1.28,2.26,56.9,0.97,12.9,3.85,29.9,6.64,4.51,1.73,1.81,0.44,0.13,1.37,1.42,4.20,4.12,0.04,Matches
50,Michy Batshuayi\Michy-Batshuayi,be BEL,FW,Crystal Palace,27-157,1993,7.8,0.38,0.38,0.13,0.26,0.00,0.26,1.15,22.2,0.90,12.8,2.44,19.0,1.03,6.15,5.64,1.28,0.13,0.00,1.15,0.26,0.64,0.64,0.13,Matches
51,Jan Bednarek\Jan-Bednarek,pl POL,DF,Southampton,24-330,1996,25.9,1.20,0.69,0.77,0.39,0.04,0.54,1.39,38.9,0.85,7.49,2.55,34.0,4.63,2.63,0.23,1.81,0.73,0.04,1.08,1.97,3.17,5.44,0.04,Matches
52,Donny van de Beek\Donny-van-de-Beek,nl NED,MFFW,Manchester Utd,23-324,1997,3.6,2.50,2.22,0.83,1.39,0.28,0.56,1.94,28.6,1.39,15.8,4.72,29.8,1.94,8.89,5.00,2.50,0.28,0.00,2.22,0.83,3.33,0.83,0.00,Matches
53,Héctor Bellerín\Hector-Bellerin,es ESP,DF,Arsenal,25-354,1995,21.2,1.51,0.75,0.80,0.61,0.09,0.57,1.84,30.8,1.27,9.72,2.55,26.2,3.73,4.53,1.46,2.22,0.42,0.00,1.79,0.52,2.03,1.89,0.00,Matches
54,Saïd Benrahma\Said-Benrahma,dz ALG,MFFW,West Ham,25-210,1995,9.8,1.94,1.43,0.71,1.02,0.20,0.31,1.53,20.0,1.22,19.4,4.90,25.3,5.51,10.1,3.78,1.02,0.00,0.00,1.02,0.92,2.86,0.31,0.00,Matches
55,Josh Benson\Josh-Benson,eng ENG,MF,Burnley,21-093,1999,2.9,2.76,1.72,1.72,0.34,0.69,1.38,2.76,50.0,1.38,12.4,4.14,33.3,5.17,5.86,1.38,1.03,0.34,0.00,0.69,0.34,3.10,0.69,0.00,Matches
56,Christian Benteke\Christian-Benteke,be BEL,FW,Crystal Palace,30-095,1990,11.9,0.67,0.42,0.00,0.25,0.42,0.00,0.59,0.0,0.59,11.5,3.11,27.0,1.01,6.13,4.37,1.01,0.42,0.08,0.59,0.34,1.01,1.76,0.00,Matches
57,Jóhann Berg Guðmundsson\Johann-Berg-Gudmundsson,is ISL,MF,Burnley,30-132,1990,9.1,1.21,0.88,0.22,0.77,0.22,0.77,1.65,46.7,0.88,10.4,2.75,26.3,2.97,4.73,2.75,1.54,0.00,0.00,1.54,0.88,2.09,0.77,0.00,Matches
58,Sander Berge\Sander-Berge,no NOR,MF,Sheffield Utd,23-022,1998,11.3,1.86,1.42,0.80,0.71,0.35,0.44,1.50,29.4,1.06,17.1,4.96,29.0,5.93,8.50,2.65,1.77,0.18,0.00,1.59,0.27,2.12,1.68,0.09,Matches
59,Steven Bergwijn\Steven-Bergwijn,nl NED,FWMF,Tottenham,23-151,1997,11.3,1.15,0.71,0.62,0.27,0.27,0.53,2.04,26.1,1.50,17.3,4.16,24.0,4.60,6.99,5.75,0.80,0.09,0.00,0.71,0.80,1.95,0.35,0.00,Matches
60,Bernard\Bernard,br BRA,FWMF,Everton,28-181,1992,4.2,1.19,0.95,0.24,0.48,0.48,0.71,2.62,27.3,1.90,13.3,3.33,25.0,4.76,5.48,3.10,1.90,0.00,0.00,1.90,1.43,2.62,0.48,0.00,Matches
61,Bernardo\Bernardo,br BRA,DFMF,Brighton,25-298,1995,2.3,3.48,2.17,2.61,0.43,0.43,1.74,2.61,66.7,0.87,14.8,5.65,38.2,6.52,3.91,4.35,2.61,0.00,0.00,2.61,0.00,3.48,1.30,0.00,Matches
62,Ryan Bertrand\Ryan-Bertrand,eng ENG,DF,Southampton,31-215,1989,24.9,2.41,1.53,0.96,1.24,0.20,0.92,1.53,60.5,0.60,10.2,4.26,41.6,3.65,4.98,1.61,1.57,0.20,0.00,1.37,1.00,3.41,1.69,0.04,Matches
63,Yves Bissouma\Yves-Bissouma,ml MLI,MF,Brighton,24-190,1996,23.6,3.18,2.03,1.74,1.23,0.21,0.76,2.08,36.7,1.31,15.6,5.59,36.0,7.03,7.20,1.31,1.82,0.25,0.00,1.57,1.31,4.49,1.48,0.00,Matches
64,Jayden Bogle\Jayden-Bogle,eng ENG,DF,Sheffield Utd,20-224,2000,9.0,2.67,1.11,1.22,1.33,0.11,1.33,2.56,52.2,1.22,18.2,4.89,26.8,8.67,5.67,3.89,2.33,0.22,0.00,2.11,1.56,4.22,1.44,0.00,Matches
65,Willy Boly\Willy-Boly,ci CIV,DF,Wolves,30-033,1991,16.0,2.06,1.25,1.75,0.31,0.00,0.75,1.50,50.0,0.75,7.19,2.44,33.9,5.00,2.00,0.19,1.38,0.63,0.00,0.75,0.81,2.88,4.94,0.00,Matches
66,Jarrod Bowen\Jarrod-Bowen,eng ENG,FWMF,West Ham,24-078,1996,20.4,0.69,0.49,0.44,0.25,0.00,0.20,0.93,21.1,0.74,10.0,2.84,28.4,2.94,4.02,3.04,1.23,0.05,0.00,1.18,0.74,1.42,0.10,0.00,Matches
67,Robbie Brady\Robbie-Brady,ie IRL,MF,Burnley,29-053,1992,11.4,1.75,0.96,0.96,0.26,0.53,0.79,2.63,30.0,1.84,15.4,3.51,22.9,5.18,6.49,3.68,2.11,0.09,0.00,2.02,0.79,2.54,1.93,0.09,Matches
68,Rhian Brewster\Rhian-Brewster,eng ENG,FW,Sheffield Utd,20-341,2000,9.6,0.83,0.31,0.10,0.42,0.31,0.00,0.94,0.0,0.94,16.7,4.58,27.5,0.73,7.40,8.54,1.35,0.21,0.00,1.15,0.42,1.25,0.31,0.00,Matches
69,Josh Brownhill\Josh-Brownhill,eng ENG,MF,Burnley,25-079,1995,21.8,1.70,0.92,0.46,0.96,0.28,0.32,1.47,21.9,1.15,14.9,3.90,26.2,3.53,8.12,3.21,1.93,0.46,0.05,1.47,1.70,3.39,1.61,0.00,Matches
70,Joe Bryan\Joe-Bryan,eng ENG,DFFW,Fulham,27-172,1993,5.2,2.50,1.54,1.15,0.96,0.38,0.96,2.12,45.5,1.15,12.1,4.04,33.3,5.19,4.42,2.50,2.69,0.19,0.00,2.50,1.73,4.23,3.65,0.00,Matches
71,Kean Bryan\Kean-Bryan,eng ENG,DF,Sheffield Utd,24-127,1996,7.3,2.05,1.23,1.37,0.55,0.14,0.68,1.37,50.0,0.68,11.9,3.29,27.6,6.85,3.97,1.10,2.19,0.82,0.00,1.37,2.19,4.25,5.07,0.14,Matches
72,Oliver Burke\Oliver-Burke,sco SCO,FW,Sheffield Utd,23-335,1997,10.7,1.21,0.75,0.28,0.65,0.28,0.28,1.87,15.0,1.59,29.6,5.51,18.6,2.43,13.6,13.6,1.96,0.00,0.00,1.96,0.19,1.40,0.28,0.00,Matches
73,Dan Burn\Dan-Burn,eng ENG,DF,Brighton,28-303,1992,16.4,1.95,0.67,1.28,0.55,0.12,0.67,1.95,34.4,1.28,13.0,4.51,34.6,6.16,4.70,2.20,1.52,0.12,0.00,1.40,1.16,3.11,3.78,0.00,Matches
74,David Button\David-Button,eng ENG,GK,West Brom,32-009,1989,1.0,0.00,0.00,0.00,0.00,0.00,0.00,0.00,,0.00,0.00,0.00,,0.00,0.00,0.00,0.00,0.00,0.00,0.00,0.00,0.00,0.00,0.00,Matches
75,Oskar Buur\Oskar-Buur,dk DEN,DF,Wolves,22-342,1998,0.2,0.00,0.00,0.00,0.00,0.00,0.00,5.00,0.0,5.00,25.0,0.00,0.0,15.0,0.00,10.0,0.00,0.00,0.00,0.00,0.00,0.00,0.00,0.00,Matches
76,Willy Caballero\Willy-Caballero,ar ARG,GK,Chelsea,39-161,1981,1.0,0.00,0.00,0.00,0.00,0.00,0.00,0.00,,0.00,0.00,0.00,,0.00,0.00,0.00,0.00,0.00,0.00,0.00,0.00,0.00,0.00,0.00,Matches
77,Gary Cahill\Gary-Cahill,eng ENG,DF,Crystal Palace,35-079,1985,13.0,0.62,0.38,0.46,0.15,0.00,0.15,0.46,33.3,0.31,4.85,1.31,27.0,3.31,1.23,0.31,2.00,1.38,0.00,0.62,0.62,1.23,5.08,0.08,Matches
78,Tom Cairney\Tom-Cairney,sco SCO,MF,Fulham,30-047,1991,8.4,0.60,0.48,0.12,0.24,0.24,0.00,0.36,0.0,0.36,7.74,2.50,32.3,2.14,3.81,1.79,0.71,0.00,0.00,0.71,0.12,0.71,0.36,0.00,Matches
79,Dominic Calvert-Lewin\Dominic-Calvert-Lewin,eng ENG,FW,Everton,23-357,1997,21.9,0.50,0.41,0.00,0.18,0.32,0.05,0.37,12.5,0.32,9.91,3.24,32.7,0.87,4.02,5.02,1.23,0.32,0.00,0.91,0.18,0.68,1.05,0.00,Matches
80,João Cancelo\Joao-Cancelo,pt POR,DF,Manchester City,26-285,1994,20.6,2.96,1.70,1.60,1.12,0.24,1.41,3.20,43.9,1.80,12.3,4.37,35.4,5.05,4.90,2.38,1.50,0.15,0.00,1.36,1.80,4.76,1.21,0.05,Matches
81,Ian Carlo Poveda\Ian-Carlo-Poveda,eng ENG,MFDF,Leeds United,21-027,2000,2.8,2.50,1.79,2.14,0.00,0.36,1.79,3.57,50.0,1.79,16.1,4.29,26.7,5.71,6.43,3.93,1.07,0.36,0.00,0.71,0.00,2.50,0.00,0.00,Matches
82,Andy Carroll\Andy-Carroll,eng ENG,FW,Newcastle Utd,32-061,1989,4.2,0.24,0.00,0.24,0.00,0.00,0.00,1.19,0.0,1.19,13.1,3.10,23.6,1.67,6.67,4.76,0.48,0.00,0.00,0.48,0.24,0.48,2.38,0.00,Matches
83,Matty Cash\Matty-Cash,eng ENG,DF,Aston Villa,23-213,1997,20.2,2.82,1.49,1.39,1.19,0.25,1.34,2.67,50.0,1.34,15.0,4.26,28.3,7.62,6.04,1.39,2.77,0.59,0.00,2.18,1.68,4.50,3.91,0.10,Matches
84,Kiko Casilla\Kiko-Casilla,es ESP,GK,Leeds United,34-157,1986,1.0,0.00,0.00,0.00,0.00,0.00,0.00,0.00,,0.00,0.00,0.00,,0.00,0.00,0.00,0.00,0.00,0.00,0.00,0.00,0.00,0.00,0.00,Matches
85,Timothy Castagne\Timothy-Castagne,be BEL,DF,Leicester City,25-093,1995,16.1,2.86,1.68,1.49,1.06,0.31,0.99,1.93,51.6,0.93,13.4,3.73,27.8,5.59,4.91,2.92,2.24,0.06,0.00,2.17,0.87,3.73,2.61,0.00,Matches
86,Jonny Castro\Jonny-Castro,es ESP,DF,Wolves,27-005,1994,4.5,1.56,1.11,0.89,0.22,0.44,0.67,2.44,27.3,1.78,16.7,3.78,22.7,5.11,8.22,3.33,1.78,0.67,0.00,1.11,0.89,2.44,1.11,0.00,Matches
87,Ivan Cavaleiro\Ivan-Cavaleiro,pt POR,FWMF,Fulham,27-141,1993,19.2,0.89,0.73,0.42,0.26,0.21,0.10,0.68,15.4,0.57,15.5,4.38,28.3,2.66,6.72,6.09,1.51,0.05,0.00,1.46,0.57,1.46,0.73,0.05,Matches
88,Edinson Cavani\Edinson-Cavani,uy URU,FW,Manchester Utd,34-022,1987,10.3,0.87,0.49,0.00,0.39,0.49,0.29,1.07,27.3,0.78,13.8,3.50,25.4,1.07,4.95,7.77,0.49,0.10,0.00,0.39,0.68,1.55,0.58,0.00,Matches
89,Dani Ceballos\Dani-Ceballos,es ESP,MF,Arsenal,24-213,1996,12.5,2.16,2.00,0.96,0.88,0.32,0.64,2.88,22.2,2.24,14.5,4.24,29.3,6.88,5.12,2.48,1.52,0.40,0.08,1.12,1.68,3.84,1.36,0.00,Matches
90,Calum Chambers\Calum-Chambers,eng ENG,DF,Arsenal,26-047,1995,1.0,0.00,0.00,0.00,0.00,0.00,0.00,1.00,0.0,1.00,6.00,2.00,33.3,5.00,1.00,0.00,2.00,0.00,0.00,2.00,0.00,0.00,10.0,0.00,Matches
91,Ben Chilwell\Ben-Chilwell,eng ENG,DF,Chelsea,24-077,1996,18.5,1.95,1.30,0.76,0.92,0.27,0.54,1.51,35.7,0.97,11.3,3.84,34.0,4.54,4.81,1.95,2.65,0.16,0.00,2.49,0.86,2.81,2.49,0.00,Matches
92,Hamza Choudhury\Hamza-Choudhury,eng ENG,MF,Leicester City,23-158,1997,3.4,3.24,2.06,1.47,1.76,0.00,0.59,2.94,20.0,2.35,15.3,5.29,34.6,5.29,8.82,1.18,2.65,0.59,0.00,2.06,0.88,4.12,1.76,0.29,Matches
93,Andreas Christensen\Andreas-Christensen,dk DEN,DF,Chelsea,24-332,1996,9.1,1.32,0.77,0.99,0.33,0.00,0.33,0.66,50.0,0.33,5.05,1.76,34.8,3.41,1.43,0.22,1.76,1.10,0.00,0.66,1.43,2.75,6.04,0.00,Matches
94,Ciaran Clark\Ciaran-Clark,ie IRL,DF,Newcastle Utd,31-163,1989,15.4,1.36,0.71,0.91,0.32,0.13,0.06,0.45,14.3,0.39,6.95,2.14,30.8,4.42,2.08,0.45,2.21,0.84,0.00,1.36,1.04,2.40,5.84,0.00,Matches
95,Nathaniel Clyne\Nathaniel-Clyne,eng ENG,DF,Crystal Palace,29-337,1991,12.7,1.57,0.63,1.10,0.47,0.00,0.55,1.10,50.0,0.55,9.06,2.44,27.0,5.75,2.20,1.10,1.97,0.16,0.00,1.81,1.02,2.60,2.52,0.00,Matches
96,Conor Coady\Conor-Coady,eng ENG,DF,Wolves,28-011,1993,26.7,0.79,0.52,0.60,0.19,0.00,0.34,0.94,36.0,0.60,4.79,1.54,32.0,3.71,1.09,0.00,1.72,1.27,0.00,0.45,0.71,1.50,4.12,0.04,Matches
97,Séamus Coleman\Seamus-Coleman,ie IRL,DF,Everton,32-148,1988,9.8,2.24,1.53,1.43,0.71,0.10,1.22,2.55,48.0,1.33,12.1,3.47,28.6,7.35,3.27,1.53,1.73,0.31,0.00,1.43,0.61,2.86,2.55,0.00,Matches
98,Aaron Connolly\Aaron-Connolly,ie IRL,FW,Brighton,21-039,2000,8.0,0.88,0.63,0.25,0.50,0.13,0.13,0.63,20.0,0.50,14.4,4.50,31.3,0.75,6.88,6.75,1.00,0.13,0.00,0.88,0.00,0.88,0.13,0.00,Matches
99,Liam Cooper\Liam-Cooper,sco SCO,DF,Leeds United,29-190,1991,19.8,3.28,2.22,2.17,1.06,0.05,1.46,2.42,60.4,0.96,11.9,5.20,43.8,7.42,4.09,0.35,1.77,1.21,0.00,0.56,1.82,5.10,4.90,0.05,Matches
100,Jack Cork\Jack-Cork,eng ENG,MF,Burnley,31-256,1989,8.2,1.83,1.10,0.37,1.10,0.37,0.61,1.46,41.7,0.85,13.4,4.27,31.8,3.41,6.83,3.17,1.10,0.37,0.00,0.73,0.61,2.44,1.22,0.00,Matches
101,Hélder Costa\Helder-Costa,pt POR,MF,Leeds United,27-055,1994,9.5,2.11,1.26,1.05,0.32,0.74,0.53,2.11,25.0,1.58,19.5,5.58,28.6,6.84,6.63,6.00,1.58,0.00,0.00,1.58,0.53,2.63,0.63,0.00,Matches
102,Vladimír Coufal\Vladimir-Coufal,cz CZE,DF,West Ham,28-198,1992,21.9,2.88,1.64,2.28,0.55,0.05,1.69,3.15,53.6,1.46,13.1,3.42,26.1,7.03,4.25,1.83,2.24,0.09,0.00,2.15,0.96,3.84,3.74,0.05,Matches
103,Aaron Cresswell\Aaron-Cresswell,eng ENG,DF,West Ham,31-083,1989,26.0,1.04,0.46,0.50,0.46,0.08,0.46,0.92,50.0,0.46,5.92,1.73,29.2,3.38,2.15,0.38,1.46,0.42,0.00,1.04,0.92,1.96,2.65,0.00,Matches
104,Patrick Cutrone\Patrick-Cutrone,it ITA,FWMF,Wolves,23-064,1998,0.3,0.00,0.00,0.00,0.00,0.00,0.00,0.00,,0.00,23.3,6.67,28.6,6.67,3.33,13.3,0.00,0.00,0.00,0.00,0.00,0.00,0.00,0.00,Matches
105,Stuart Dallas\Stuart-Dallas,nir NIR,DFMF,Leeds United,29-323,1991,25.9,2.47,1.62,1.47,0.85,0.15,0.97,2.70,35.7,1.74,14.6,5.17,35.4,5.68,7.10,1.81,1.47,0.08,0.00,1.39,1.51,3.98,1.58,0.04,Matches
106,Scott Dann\Scott-Dann,eng ENG,DF,Crystal Palace,34-022,1987,12.0,0.83,0.58,0.75,0.08,0.00,0.25,0.92,27.3,0.67,4.00,1.17,29.2,2.58,1.33,0.08,1.58,1.00,0.00,0.58,0.50,1.33,4.75,0.08,Matches
107,Karl Darlow\Karl-Darlow,eng ENG,GK,Newcastle Utd,30-151,1990,25.0,0.00,0.00,0.00,0.00,0.00,0.00,0.08,0.0,0.08,0.08,0.00,0.0,0.08,0.00,0.00,0.00,0.00,0.00,0.00,0.04,0.04,0.08,0.00,Matches
108,Ben Davies\Ben-Davies,wal WAL,DF,Tottenham,27-318,1993,14.6,1.78,0.89,0.96,0.55,0.27,0.68,1.92,35.7,1.23,12.3,2.74,22.3,6.10,4.32,1.85,1.58,0.27,0.00,1.30,0.75,2.53,4.86,0.00,Matches
109,Tom Davies\Tom-Davies,eng ENG,MFDF,Everton,22-251,1998,9.7,2.27,1.96,1.44,0.72,0.10,0.62,2.47,25.0,1.86,16.0,5.36,33.5,7.94,6.19,1.86,1.65,0.62,0.00,1.03,2.16,4.43,1.55,0.00,Matches
110,Keinan Davis\Keinan-Davis,eng ENG,FW,Aston Villa,23-023,1998,0.8,1.25,1.25,0.00,0.00,1.25,0.00,0.00,,0.00,11.3,5.00,44.4,1.25,5.00,5.00,0.00,0.00,0.00,0.00,0.00,1.25,1.25,0.00,Matches
111,Leif Davis\Leif-Davis,eng ENG,DF,Leeds United,21-055,2000,0.4,0.00,0.00,0.00,0.00,0.00,0.00,5.00,0.0,5.00,30.0,0.00,0.0,12.5,15.0,2.50,7.50,2.50,0.00,5.00,5.00,5.00,0.00,0.00,Matches
112,Craig Dawson\Craig-Dawson,eng ENG,DF,West Ham,30-306,1990,11.0,0.73,0.64,0.73,0.00,0.00,0.09,0.55,16.7,0.45,6.27,2.09,33.3,4.45,1.82,0.00,1.18,0.82,0.00,0.36,1.73,2.45,5.73,0.00,Matches
113,Kevin De Bruyne\Kevin-De-Bruyne,be BEL,MF,Manchester City,29-253,1991,19.4,1.70,1.39,0.36,0.82,0.52,0.46,2.27,20.5,1.80,15.8,5.41,34.3,1.86,6.91,7.01,1.19,0.10,0.00,1.08,0.62,2.32,0.36,0.00,Matches
114,Liam Delap\Liam-Delap,eng ENG,FW,Manchester City,18-028,2003,0.4,0.00,0.00,0.00,0.00,0.00,0.00,0.00,,0.00,15.0,2.50,16.7,0.00,12.5,2.50,0.00,0.00,0.00,0.00,0.00,0.00,0.00,0.00,Matches
115,Fabian Delph\Fabian-Delph,eng ENG,MFDF,Everton,31-107,1989,2.4,1.25,0.42,0.83,0.42,0.00,0.00,0.42,0.0,0.42,8.33,1.67,20.0,3.33,5.00,0.00,1.25,0.00,0.00,1.25,1.67,2.92,1.25,0.00,Matches
116,Leander Dendoncker\Leander-Dendoncker,be BEL,MFDF,Wolves,25-327,1995,20.7,1.74,1.06,1.06,0.53,0.14,0.82,2.13,38.6,1.30,16.0,4.78,29.8,7.39,6.86,1.79,2.27,0.63,0.00,1.64,0.87,2.61,2.51,0.00,Matches
117,Mbaye Diagne\Mbaye-Diagne,sn SEN,FW,West Brom,29-131,1991,7.1,0.85,0.42,0.28,0.28,0.28,0.00,0.42,0.0,0.42,9.01,3.38,37.5,1.41,2.96,4.65,0.42,0.00,0.00,0.42,0.00,0.85,1.41,0.00,Matches
118,Ibrahima Diallo\Ibrahima-Diallo,fr FRA,MF,Southampton,22-000,1999,5.9,2.71,2.37,1.36,1.36,0.00,1.02,2.03,50.0,1.02,17.5,7.12,40.8,5.59,10.5,1.36,1.02,0.00,0.00,1.02,0.85,3.56,1.36,0.00,Matches
119,Grady Diangana\Grady-Diangana,eng ENG,MFFW,West Brom,22-323,1998,12.1,2.40,1.32,1.49,0.41,0.50,0.99,2.48,40.0,1.49,22.6,4.55,20.1,10.8,7.11,4.63,2.15,0.08,0.00,2.07,1.07,3.47,0.33,0.00,Matches
120,Raphael Dias Belloli\Raphael-Dias-Belloli,br BRA,MF,Leeds United,24-084,1996,18.0,1.33,0.72,0.61,0.44,0.28,0.39,2.06,18.9,1.67,15.0,4.28,28.5,3.94,5.78,5.28,1.28,0.06,0.00,1.22,1.11,2.44,1.06,0.00,Matches
121,Rúben Dias\Ruben-Dias,pt POR,DF,Manchester City,23-298,1997,24.8,1.01,0.73,0.52,0.40,0.08,0.12,0.56,21.4,0.44,5.44,2.06,37.8,2.62,2.18,0.65,1.45,0.73,0.00,0.73,0.65,1.65,3.51,0.00,Matches
122,Eric Dier\Eric-Dier,eng ENG,DF,Tottenham,27-052,1994,21.0,0.86,0.48,0.52,0.29,0.05,0.33,0.67,50.0,0.33,5.33,1.62,30.4,3.43,1.71,0.19,1.86,1.33,0.00,0.52,0.67,1.52,6.57,0.00,Matches
123,Lucas Digne\Lucas-Digne,fr FRA,DFMF,Everton,27-231,1993,17.8,2.92,1.52,2.02,0.62,0.28,1.12,2.13,52.6,1.01,14.2,3.93,27.7,6.80,4.61,2.81,2.47,0.11,0.00,2.36,0.51,3.43,3.03,0.00,Matches
124,Virgil van Dijk\Virgil-van-Dijk,nl NED,DF,Liverpool,29-243,1991,4.1,0.98,0.24,0.49,0.49,0.00,0.00,0.00,,0.00,3.41,0.73,21.4,1.71,1.71,0.00,0.73,0.49,0.00,0.24,0.00,0.98,3.17,0.24,Matches
125,Issa Diop\Issa-Diop,fr FRA,DF,West Ham,24-058,1997,6.3,1.43,1.11,0.63,0.79,0.00,0.32,0.63,50.0,0.32,5.71,1.75,30.6,2.22,3.02,0.48,1.27,0.95,0.00,0.32,0.79,2.22,4.29,0.16,Matches
126,Moussa Djenepo\Moussa-Djenepo,ml MLI,MF,Southampton,22-266,1998,11.5,3.48,1.65,2.00,0.70,0.78,1.30,3.91,33.3,2.61,23.7,6.78,28.7,8.52,8.87,6.26,2.00,0.00,0.00,2.00,0.78,4.26,1.04,0.00,Matches
127,Matt Doherty\Matt-Doherty,ie IRL,DF,Tottenham,29-051,1992,11.7,1.45,0.43,0.43,0.60,0.43,0.77,2.05,37.5,1.28,12.9,2.56,19.9,5.04,5.30,2.56,2.74,0.43,0.00,2.31,1.11,2.56,3.59,0.00,Matches
128,Gabriel Dos Santos\Gabriel-Dos-Santos,br BRA,DF,Arsenal,23-079,1997,14.2,1.34,0.92,0.99,0.35,0.00,0.42,0.77,54.5,0.35,6.83,2.75,40.2,4.08,2.39,0.35,2.11,1.27,0.00,0.85,0.85,2.18,4.51,0.14,Matches
129,Abdoulaye Doucouré\Abdoulaye-Doucoure,fr FRA,MF,Everton,28-066,1993,23.7,2.03,1.48,1.18,0.59,0.25,0.55,1.69,32.5,1.14,18.9,5.44,28.7,8.02,7.59,3.33,1.52,0.38,0.00,1.14,1.18,3.21,1.14,0.04,Matches
130,Martin Dúbravka\Martin-Dubravka,sk SVK,GK,Newcastle Utd,32-052,1989,2.0,0.00,0.00,0.00,0.00,0.00,0.00,0.00,,0.00,0.00,0.00,,0.00,0.00,0.00,0.00,0.00,0.00,0.00,0.00,0.00,0.00,0.00,Matches
131,Paul Dummett\Paul-Dummett,wal WAL,DF,Newcastle Utd,29-163,1991,2.9,1.38,0.34,1.03,0.34,0.00,1.03,2.07,50.0,1.03,7.59,1.38,18.2,3.79,2.76,1.03,1.72,0.34,0.00,1.38,1.03,2.41,6.90,0.00,Matches
132,Lewis Dunk\Lewis-Dunk,eng ENG,DF,Brighton,29-107,1991,24.0,1.25,0.71,0.79,0.38,0.08,0.42,0.71,58.8,0.29,5.50,2.21,40.2,3.13,2.08,0.29,1.25,0.75,0.04,0.50,0.79,2.04,3.67,0.04,Matches
133,Jimmy Dunne\Jimmy-Dunne,ie IRL,DF,Burnley,23-140,1997,2.0,0.50,0.50,0.50,0.00,0.00,0.50,0.50,100.0,0.00,6.50,3.50,53.8,4.00,2.00,0.50,2.00,1.50,0.00,0.50,0.00,0.50,3.50,0.00,Matches
134,Ederson\Ederson,br BRA,GK,Manchester City,27-203,1993,27.0,0.00,0.00,0.00,0.00,0.00,0.00,0.04,0.0,0.04,0.11,0.00,0.0,0.11,0.00,0.00,0.00,0.00,0.00,0.00,0.00,0.00,0.04,0.04,Matches
135,Kyle Edwards\Kyle-Edwards,eng ENG,MFFW,West Brom,23-019,1998,1.3,2.31,0.00,0.77,0.77,0.77,0.00,0.77,0.0,0.77,11.5,1.54,13.3,3.08,6.92,1.54,1.54,0.00,0.00,1.54,0.77,3.08,0.00,0.00,Matches
136,John Egan\John-Egan,ie IRL,DF,Sheffield Utd,28-139,1992,21.1,1.61,1.04,1.18,0.38,0.05,0.43,1.04,40.9,0.62,8.39,2.65,31.6,5.12,3.08,0.19,1.94,1.04,0.05,0.90,1.18,2.80,5.26,0.05,Matches
137,Ahmed Elmohamady\Ahmed-Elmohamady,eg EGY,DF,Aston Villa,33-180,1987,5.8,1.55,1.03,1.03,0.34,0.17,0.86,1.38,62.5,0.52,7.76,2.93,37.8,3.79,3.10,0.86,1.21,0.34,0.00,0.86,2.59,4.14,2.93,0.00,Matches
138,Mohamed Elneny\Mohamed-Elneny,eg EGY,MF,Arsenal,28-240,1992,11.9,0.92,0.59,0.59,0.34,0.00,0.42,0.92,45.5,0.50,10.7,3.36,31.5,4.12,4.87,1.68,1.18,0.34,0.00,0.84,1.09,2.02,1.09,0.08,Matches
139,Jonny Evans\Jonny-Evans,nir NIR,DF,Leicester City,33-064,1988,21.5,0.79,0.42,0.60,0.14,0.05,0.37,0.84,44.4,0.47,6.70,2.65,39.6,4.33,2.28,0.09,0.98,0.23,0.00,0.74,1.35,2.14,5.16,0.00,Matches
140,Eberechi Eze\Eberechi-Eze,eng ENG,MF,Crystal Palace,22-252,1998,21.0,1.19,0.67,0.62,0.43,0.14,0.43,1.19,36.0,0.76,10.4,3.24,31.1,2.71,5.38,2.33,1.48,0.14,0.00,1.33,0.71,1.90,0.10,0.00,Matches
141,Łukasz Fabiański\Lukasz-Fabianski,pl POL,GK,West Ham,35-324,1985,24.0,0.00,0.00,0.00,0.00,0.00,0.00,0.00,,0.00,0.21,0.04,20.0,0.21,0.00,0.00,0.13,0.00,0.00,0.13,0.00,0.00,0.00,0.00,Matches
142,Fabinho\Fabinho,br BRA,DFMF,Liverpool,27-136,1993,18.5,2.54,1.78,0.97,1.41,0.16,1.03,1.95,52.8,0.92,9.08,3.30,36.3,3.68,4.81,0.59,1.41,0.49,0.00,0.92,1.41,3.95,3.62,0.00,Matches
143,Bruno Fernandes\Bruno-Fernandes,pt POR,MF,Manchester Utd,26-181,1994,26.4,1.93,1.29,0.72,0.80,0.42,0.64,2.61,24.6,1.97,20.4,4.81,23.6,3.52,9.81,7.05,1.40,0.04,0.00,1.36,0.53,2.46,0.76,0.00,Matches
144,Federico Fernández\Federico-Fernandez,ar ARG,DF,Newcastle Utd,32-015,1989,15.3,1.83,0.92,1.31,0.39,0.13,0.72,1.24,57.9,0.52,8.50,2.55,30.0,5.69,2.42,0.39,2.42,1.50,0.00,0.92,0.39,2.22,6.73,0.07,Matches
145,Fernandinho\Fernandinho,br BRA,MF,Manchester City,35-308,1985,7.8,2.56,1.79,0.51,1.67,0.38,0.90,2.56,35.0,1.67,13.7,3.97,29.0,2.56,9.23,1.92,0.64,0.00,0.00,0.64,1.79,4.36,2.31,0.00,Matches
146,Sam Field\Sam-Field,eng ENG,MF,West Brom,22-304,1998,0.7,12.9,10.0,5.71,7.14,0.00,2.86,4.29,66.7,1.43,31.4,14.3,45.5,11.4,18.6,1.43,8.57,1.43,0.00,7.14,0.00,12.9,5.71,0.00,Matches
147,Roberto Firmino\Roberto-Firmino,br BRA,FW,Liverpool,29-157,1991,23.8,1.18,0.76,0.13,0.42,0.63,0.38,1.18,32.1,0.80,15.7,4.58,29.1,2.27,6.89,6.55,1.89,0.08,0.00,1.81,0.38,1.55,0.25,0.00,Matches
148,John Fleck\John-Fleck,sco SCO,MF,Sheffield Utd,29-196,1991,18.6,1.72,1.02,0.86,0.65,0.22,0.48,2.04,23.7,1.56,16.5,4.35,26.5,6.13,7.74,2.58,1.45,0.16,0.00,1.29,1.45,3.17,0.70,0.00,Matches
149,Phil Foden\Phil-Foden,eng ENG,FWMF,Manchester City,20-284,2000,13.9,1.51,0.94,0.58,0.65,0.29,0.58,1.15,50.0,0.58,15.5,4.68,30.2,2.81,5.61,7.05,0.86,0.07,0.00,0.79,0.79,2.30,0.58,0.00,Matches
150,Wesley Fofana\Wesley-Fofana,fr FRA,DF,Leicester City,20-081,2000,16.7,2.28,1.44,1.56,0.66,0.06,0.60,1.38,43.5,0.78,9.28,2.93,31.6,5.45,3.47,0.36,1.98,0.90,0.00,1.08,1.74,4.01,4.61,0.00,Matches
151,Pablo Fornals\Pablo-Fornals,es ESP,FWMF,West Ham,25-014,1996,19.0,1.26,0.74,0.53,0.63,0.11,0.26,2.79,9.4,2.53,18.9,3.74,19.8,6.32,8.84,3.74,1.89,0.05,0.00,1.84,0.89,2.16,0.21,0.05,Matches
152,Fraser Forster\Fraser-Forster,eng ENG,GK,Southampton,32-356,1988,3.0,0.00,0.00,0.00,0.00,0.00,0.00,0.33,0.0,0.33,0.33,0.00,0.0,0.33,0.00,0.00,0.00,0.00,0.00,0.00,0.00,0.00,1.00,0.00,Matches
153,Timothy Fosu-Mensah\Timothy-Fosu-Mensah,nl NED,DF,Manchester Utd,23-065,1998,0.9,3.33,1.11,2.22,1.11,0.00,1.11,1.11,100.0,0.00,7.78,2.22,28.6,3.33,4.44,0.00,1.11,0.00,0.00,1.11,1.11,4.44,1.11,0.00,Matches
154,Ryan Fraser\Ryan-Fraser,sco SCO,FWMF,Newcastle Utd,27-012,1994,8.4,0.36,0.12,0.24,0.12,0.00,0.00,0.24,0.0,0.24,10.6,1.79,16.9,2.02,5.00,3.57,1.07,0.00,0.00,1.07,0.12,0.48,0.36,0.00,Matches
155,Fred\Fred,br BRA,MF,Manchester Utd,28-003,1993,19.4,3.04,2.01,1.24,1.44,0.36,0.98,3.09,31.7,2.11,23.0,6.86,29.8,8.40,10.8,3.87,2.53,0.41,0.00,2.11,2.01,5.05,1.24,0.05,Matches
156,Ryan Fredericks\Ryan-Fredericks,eng ENG,DFFW,West Ham,28-149,1992,4.9,2.24,1.02,1.22,1.02,0.00,1.02,2.04,50.0,1.02,11.8,2.24,19.0,6.94,2.45,2.45,2.65,0.20,0.00,2.45,0.82,3.06,3.27,0.00,Matches
157,Christian Fuchs\Christian-Fuchs,at AUT,DF,Leicester City,34-335,1986,7.8,1.92,1.15,1.67,0.13,0.13,0.64,1.79,35.7,1.15,11.2,2.95,26.4,6.79,3.46,0.90,2.05,0.51,0.13,1.54,1.54,3.46,3.97,0.00,Matches
158,Darnell Furlong\Darnell-Furlong,eng ENG,DF,West Brom,25-128,1995,22.6,0.88,0.40,0.58,0.22,0.09,0.35,1.15,30.8,0.80,7.65,2.08,27.2,3.58,2.79,1.28,2.57,0.66,0.04,1.90,0.84,1.73,3.58,0.04,Matches
159,Conor Gallagher\Conor-Gallagher,eng ENG,MF,West Brom,21-030,2000,20.9,2.92,2.01,1.15,1.39,0.38,0.72,3.16,22.7,2.44,23.7,6.22,26.2,7.80,12.0,3.97,2.25,0.29,0.00,1.96,1.20,4.11,1.05,0.00,Matches
160,Eric García\Eric-Garcia,es ESP,DF,Manchester City,20-058,2001,2.2,2.73,0.91,1.82,0.45,0.45,0.91,2.27,40.0,1.36,6.82,2.27,33.3,4.55,2.27,0.00,0.91,0.00,0.00,0.91,1.36,4.09,3.18,0.00,Matches
161,Dwight Gayle\Dwight-Gayle,eng ENG,FWMF,Newcastle Utd,30-142,1990,2.3,0.87,0.87,0.00,0.87,0.00,0.00,1.30,0.0,1.30,16.1,2.17,13.5,2.61,6.96,6.52,0.87,0.87,0.00,0.00,0.43,1.30,0.00,0.00,Matches
162,David de Gea\David-de-Gea,es ESP,GK,Manchester Utd,30-121,1990,23.5,0.00,0.00,0.00,0.00,0.00,0.00,0.00,,0.00,0.00,0.00,,0.00,0.00,0.00,0.00,0.00,0.00,0.00,0.00,0.00,0.04,0.00,Matches
163,Anwar El Ghazi\Anwar-El-Ghazi,nl NED,FW,Aston Villa,25-309,1995,9.0,1.00,0.67,0.56,0.22,0.22,0.33,1.22,27.3,0.89,10.7,2.78,26.0,2.78,4.67,3.22,0.78,0.00,0.00,0.78,0.22,1.22,0.33,0.00,Matches
164,Kieran Gibbs\Kieran-Gibbs,eng ENG,DF,West Brom,31-163,1989,9.0,1.56,0.67,1.00,0.33,0.22,0.33,0.78,42.9,0.44,8.89,2.22,25.0,4.67,3.33,0.89,2.00,0.67,0.00,1.33,1.44,3.00,3.44,0.00,Matches
165,Morgan Gibbs-White\Morgan-Gibbs-White,eng ENG,FWMF,Wolves,21-040,2000,1.1,0.91,0.91,0.00,0.00,0.91,0.91,2.73,33.3,1.82,19.1,5.45,28.6,1.82,9.09,8.18,0.91,0.00,0.00,0.91,1.82,2.73,0.91,0.00,Matches
166,Billy Gilmour\Billy-Gilmour,sco SCO,MF,Chelsea,19-270,2001,0.4,7.50,2.50,2.50,5.00,0.00,2.50,2.50,100.0,0.00,25.0,17.5,70.0,12.5,7.50,5.00,5.00,2.50,0.00,2.50,2.50,10.0,0.00,0.00,Matches
167,Olivier Giroud\Olivier-Giroud,fr FRA,FW,Chelsea,34-159,1986,7.9,1.01,0.51,0.00,0.63,0.38,0.00,0.38,0.0,0.38,15.4,3.92,25.4,1.65,6.20,7.59,0.38,0.13,0.00,0.25,0.51,1.52,1.14,0.00,Matches
168,Ben Godfrey\Ben-Godfrey,eng ENG,DF,Everton,23-052,1998,18.7,1.71,0.86,1.12,0.48,0.11,0.75,1.18,63.6,0.43,11.3,3.64,32.1,7.54,3.16,0.64,2.83,1.18,0.05,1.66,1.50,3.21,3.90,0.00,Matches
169,André Gomes\Andre-Gomes,pt POR,MF,Everton,27-221,1993,13.3,2.93,2.11,1.43,1.20,0.30,1.20,3.08,39.0,1.88,19.5,6.39,32.8,6.92,9.55,3.01,1.73,0.08,0.00,1.65,0.98,3.91,0.68,0.00,Matches
170,Joe Gomez\Joe-Gomez,eng ENG,DF,Liverpool,23-289,1997,6.6,0.76,0.30,0.30,0.45,0.00,0.00,0.61,0.0,0.61,5.91,2.27,38.5,3.64,1.97,0.30,1.06,0.45,0.00,0.61,0.76,1.52,4.85,0.30,Matches
171,Anthony Gordon\Anthony-Gordon,eng ENG,FWMF,Everton,20-012,2001,1.0,3.00,2.00,3.00,0.00,0.00,0.00,2.00,0.0,2.00,18.0,3.00,16.7,5.00,9.00,4.00,2.00,0.00,0.00,2.00,1.00,4.00,1.00,0.00,Matches
172,Karlan Grant\Karlan-Grant,eng ENG,FWMF,West Brom,23-171,1997,12.1,0.50,0.25,0.25,0.25,0.00,0.25,0.50,50.0,0.25,12.7,3.14,24.7,1.90,4.88,5.95,0.58,0.00,0.00,0.58,0.83,1.32,1.07,0.00,Matches
173,Demarai Gray\Demarai-Gray,eng ENG,FW,Leicester City,24-253,1996,0.2,10.0,10.0,10.0,0.00,0.00,0.00,0.00,,0.00,25.0,10.0,40.0,5.00,5.00,15.0,0.00,0.00,0.00,0.00,0.00,10.0,0.00,0.00,Matches
174,Jack Grealish\Jack-Grealish,eng ENG,FWMF,Aston Villa,25-179,1995,22.0,1.05,0.68,0.23,0.59,0.23,0.14,0.77,17.6,0.64,12.9,4.18,32.5,3.27,4.73,4.86,1.14,0.09,0.00,1.05,0.50,1.55,0.18,0.05,Matches
175,Mason Greenwood\Mason-Greenwood,eng ENG,FW,Manchester Utd,19-158,2001,13.4,1.27,0.82,0.67,0.22,0.37,0.15,1.42,10.5,1.27,13.1,3.88,29.7,2.84,5.90,4.33,0.22,0.00,0.00,0.22,0.52,1.79,0.07,0.00,Matches
176,Pascal Groß\Pascal-Gross,de GER,MF,Brighton,29-266,1991,16.9,1.48,1.12,0.83,0.65,0.00,0.59,1.54,38.5,0.95,13.4,3.73,27.8,4.08,6.51,2.84,1.12,0.24,0.00,0.89,0.89,2.37,0.71,0.00,Matches
177,Kamil Grosicki\Kamil-Grosicki,pl POL,FWMF,West Brom,32-273,1988,1.6,0.63,0.00,0.63,0.00,0.00,0.63,3.75,16.7,3.13,13.8,1.88,13.6,6.88,5.00,1.88,0.63,0.00,0.00,0.63,0.00,0.63,1.25,0.00,Matches
178,Vicente Guaita\Vicente-Guaita,es ESP,GK,Crystal Palace,34-057,1987,28.0,0.00,0.00,0.00,0.00,0.00,0.00,0.00,,0.00,0.11,0.04,33.3,0.11,0.00,0.00,0.00,0.00,0.00,0.00,0.00,0.00,0.04,0.00,Matches
179,İlkay Gündoğan\Ilkay-Gundogan,de GER,MF,Manchester City,30-135,1990,18.3,1.04,0.77,0.44,0.38,0.22,0.33,1.58,20.7,1.26,9.18,2.51,27.4,2.02,4.70,2.46,0.71,0.16,0.00,0.55,0.77,1.80,0.49,0.00,Matches
180,Antwoine Hackford\Antwoine-Hackford,eng ENG,DFFW,Sheffield Utd,16-353,2004,0.1,0.00,0.00,0.00,0.00,0.00,0.00,0.00,,0.00,30.0,20.0,66.7,0.00,0.00,30.0,10.0,0.00,0.00,10.0,0.00,0.00,0.00,0.00,Matches
181,Sébastien Haller\Sebastien-Haller,ci CIV,FW,West Ham,26-259,1994,10.4,1.06,0.38,0.10,0.48,0.48,0.38,1.73,22.2,1.35,19.1,4.04,21.1,1.15,11.1,6.92,0.38,0.10,0.00,0.29,0.48,1.54,0.67,0.00,Matches
182,Rekeem Harper\Rekeem-Harper,eng ENG,MF,West Brom,21-000,2000,0.4,5.00,2.50,2.50,2.50,0.00,2.50,2.50,100.0,0.00,25.0,0.00,0.0,5.00,17.5,2.50,0.00,0.00,0.00,0.00,0.00,5.00,0.00,0.00,Matches
183,Jack Harrison\Jack-Harrison,eng ENG,MF,Leeds United,24-108,1996,21.7,2.03,1.15,0.97,0.51,0.55,0.41,1.20,34.6,0.78,18.6,5.99,32.3,5.07,6.31,7.19,1.15,0.05,0.00,1.11,0.78,2.81,0.88,0.00,Matches
184,Kortney Hause\Kortney-Hause,eng ENG,DF,Aston Villa,25-235,1995,4.0,1.00,1.00,0.50,0.50,0.00,0.00,0.00,,0.00,4.00,1.50,37.5,2.25,1.50,0.25,1.00,0.50,0.00,0.50,0.75,1.75,8.50,0.00,Matches
185,Kai Havertz\Kai-Havertz,de GER,MFFW,Chelsea,21-270,1999,11.0,1.45,0.82,0.45,0.91,0.09,0.27,1.82,15.0,1.55,15.3,3.36,22.0,3.00,7.73,4.55,1.64,0.18,0.00,1.45,0.64,2.09,1.09,0.09,Matches
186,Isaac Hayden\Isaac-Hayden,eng ENG,MFDF,Newcastle Utd,25-351,1995,20.1,2.04,1.34,0.60,1.14,0.30,0.35,1.19,29.2,0.85,17.8,4.23,23.8,7.11,8.61,2.04,2.09,0.40,0.00,1.69,1.84,3.88,2.74,0.05,Matches
187,Michael Hector\Michael-Hector,jm JAM,DF,Fulham,28-232,1992,2.9,2.41,1.72,1.38,1.03,0.00,1.03,2.41,42.9,1.38,9.66,3.79,39.3,7.24,2.41,0.00,2.07,1.03,0.34,1.03,0.00,2.41,3.79,0.00,Matches
188,Ahmed Hegazi\Ahmed-Hegazi,eg EGY,DF,West Brom,30-042,1991,1.0,0.00,0.00,0.00,0.00,0.00,0.00,0.00,,0.00,10.0,4.00,40.0,8.00,2.00,0.00,2.00,0.00,0.00,2.00,0.00,0.00,11.0,0.00,Matches
189,Dean Henderson\Dean-Henderson,eng ENG,GK,Manchester Utd,23-361,1997,4.5,0.00,0.00,0.00,0.00,0.00,0.00,0.22,0.0,0.22,0.67,0.22,33.3,0.67,0.00,0.00,0.00,0.00,0.00,0.00,0.00,0.00,0.00,0.00,Matches
190,Jordan Henderson\Jordan-Henderson,eng ENG,MFDF,Liverpool,30-264,1990,18.9,1.01,0.48,0.42,0.37,0.21,0.42,1.48,28.6,1.06,9.52,3.12,32.8,3.02,4.50,2.01,1.48,0.21,0.05,1.27,1.32,2.33,2.33,0.05,Matches
191,Jeff Hendrick\Jeff-Hendrick,ie IRL,MF,Newcastle Utd,29-036,1992,15.1,0.40,0.26,0.20,0.20,0.00,0.13,0.93,14.3,0.79,10.8,2.85,26.4,2.52,6.42,1.85,1.52,0.53,0.00,0.99,0.79,1.19,1.79,0.00,Matches
192,Pablo Hernández\Pablo-Hernandez,es ESP,MF,Leeds United,35-331,1985,3.8,1.32,0.53,0.53,0.26,0.53,1.05,4.47,23.5,3.42,16.8,4.47,26.6,2.37,9.21,5.26,0.53,0.00,0.00,0.53,1.05,2.37,0.26,0.00,Matches
193,Son Heung-min\Son-Heung-min,kr KOR,FW,Tottenham,28-243,1992,25.9,0.66,0.27,0.27,0.27,0.12,0.27,2.08,13.0,1.81,17.4,3.82,22.0,3.51,9.03,4.83,1.08,0.12,0.00,0.97,0.73,1.39,0.12,0.00,Matches
194,Ki-Jana Hoever\Ki-Jana-Hoever,nl NED,DF,Wolves,19-049,2002,4.4,2.95,1.82,2.27,0.45,0.23,1.59,3.86,41.2,2.27,22.5,4.77,21.2,13.4,7.95,1.14,1.14,0.23,0.00,0.91,1.82,4.77,2.50,0.00,Matches
195,Rob Holding\Rob-Holding,eng ENG,DF,Arsenal,25-169,1995,20.4,1.32,0.69,0.93,0.25,0.15,0.39,1.08,36.4,0.69,10.5,2.99,28.4,6.72,3.28,0.54,1.81,1.03,0.00,0.78,0.64,1.96,5.39,0.00,Matches
196,Mason Holgate\Mason-Holgate,eng ENG,DF,Everton,24-137,1996,15.8,3.04,1.77,1.71,0.89,0.44,1.14,2.59,43.9,1.46,11.8,3.54,30.1,5.70,4.30,1.77,2.34,0.32,0.00,2.03,1.90,4.94,4.18,0.06,Matches
197,Conor Hourihane\Conor-Hourihane,ie IRL,MF,Aston Villa,30-034,1991,2.5,0.00,0.00,0.00,0.00,0.00,0.00,0.80,0.0,0.80,6.80,2.40,35.3,1.60,2.40,2.80,1.20,0.00,0.00,1.20,0.00,0.00,0.80,0.00,Matches
198,Callum Hudson-Odoi\Callum-Hudson-Odoi,eng ENG,FWDF,Chelsea,20-121,2000,9.1,2.09,1.21,1.10,0.55,0.44,0.55,1.43,38.5,0.88,12.4,4.29,34.5,3.41,5.38,3.63,1.43,0.00,0.00,1.43,0.66,2.75,0.33,0.00,Matches
199,Niall Huggins\Niall-Huggins,wal WAL,DF,Leeds United,20-080,2000,0.4,0.00,0.00,0.00,0.00,0.00,0.00,5.00,0.0,5.00,22.5,2.50,11.1,10.0,7.50,5.00,0.00,0.00,0.00,0.00,0.00,0.00,0.00,0.00,Matches
200,Pierre Højbjerg\Pierre-Hojbjerg,dk DEN,MF,Tottenham,25-215,1995,27.0,3.41,2.33,1.78,1.26,0.37,1.81,3.59,50.5,1.78,20.1,5.78,28.7,8.41,9.74,2.00,1.33,0.26,0.00,1.07,1.07,4.48,2.22,0.00,Matches
201,Odion Ighalo\Odion-Ighalo,ng NGA,FW,Manchester Utd,31-265,1989,0.1,0.00,0.00,0.00,0.00,0.00,0.00,10.0,0.0,10.0,20.0,0.00,0.0,10.0,0.00,10.0,0.00,0.00,0.00,0.00,0.00,0.00,0.00,0.00,Matches
202,Kelechi Iheanacho\Kelechi-Iheanacho,ng NGA,FW,Leicester City,24-156,1996,7.1,0.28,0.28,0.00,0.28,0.00,0.00,1.27,0.0,1.27,15.8,3.10,19.6,0.99,8.59,6.20,1.41,0.14,0.00,1.27,0.00,0.28,0.14,0.00,Matches
203,Danny Ings\Danny-Ings,eng ENG,FW,Southampton,28-228,1992,18.7,1.07,0.59,0.32,0.59,0.16,0.43,1.23,34.8,0.80,15.8,4.12,26.0,2.19,6.36,7.27,1.98,0.11,0.00,1.87,0.32,1.39,0.80,0.05,Matches
204,Branislav Ivanović\Branislav-Ivanovic,rs SRB,DF,West Brom,37-014,1984,8.4,1.67,0.60,1.07,0.60,0.00,0.60,1.43,41.7,0.83,9.76,2.14,22.0,6.31,3.33,0.12,1.79,0.83,0.00,0.95,0.36,2.02,3.69,0.00,Matches
205,Alex Iwobi\Alex-Iwobi,ng NGA,FWDF,Everton,24-309,1996,13.1,1.98,1.22,0.92,0.92,0.15,0.84,1.76,47.8,0.92,11.5,3.97,34.7,5.19,3.51,2.75,1.30,0.08,0.00,1.22,1.07,3.05,0.92,0.00,Matches
206,Phil Jagielka\Phil-Jagielka,eng ENG,DF,Sheffield Utd,38-203,1982,4.8,1.88,0.83,1.04,0.63,0.21,1.04,1.88,55.6,0.83,10.4,3.75,36.0,7.50,2.92,0.00,2.08,0.83,0.00,1.25,1.46,3.33,7.71,0.42,Matches
207,Alireza Jahanbakhsh\Alireza-Jahanbakhsh,ir IRN,FWMF,Brighton,27-209,1993,2.9,1.38,0.69,0.00,1.03,0.34,0.69,2.41,28.6,1.72,13.1,4.14,31.6,1.38,4.48,7.24,1.38,0.00,0.00,1.38,0.69,2.07,0.00,0.00,Matches
208,Daniel James\Daniel-James,wal WAL,FW,Manchester Utd,23-118,1997,7.1,1.13,0.85,0.28,0.28,0.56,0.00,1.83,0.0,1.83,20.4,4.51,22.1,3.38,8.45,8.59,1.13,0.00,0.00,1.13,1.13,2.25,0.14,0.00,Matches
209,Reece James\Reece-James,eng ENG,DF,Chelsea,21-090,1999,17.9,2.57,1.40,1.62,0.78,0.17,0.73,1.56,46.4,0.84,13.6,3.74,27.6,6.03,5.87,1.68,2.23,0.28,0.00,1.96,1.51,4.08,1.84,0.00,Matches
210,Alexandre Jankewitz\Alexandre-Jankewitz,ch SUI,MF,Southampton,19-073,2001,0.0,2,0,1,1,0,1,1,100.0,0,8,2,25.0,4,4,0,0,0,0,0,0,2,0,0,Matches
211,Gabriel Jesus\Gabriel-Jesus,br BRA,FW,Manchester City,23-339,1997,15.5,0.90,0.52,0.32,0.32,0.26,0.32,0.97,33.3,0.65,14.1,4.19,29.8,1.42,5.23,7.42,0.77,0.06,0.00,0.71,0.71,1.61,0.13,0.00,Matches
212,Raúl Jiménez\Raul-Jimenez,mx MEX,FW,Wolves,29-307,1991,9.1,0.77,0.44,0.11,0.44,0.22,0.00,0.77,0.0,0.77,9.89,2.42,24.4,1.32,3.96,4.62,0.88,0.11,0.00,0.77,0.66,1.43,1.10,0.11,Matches
213,Joelinton\Joelinton,br BRA,FWMF,Newcastle Utd,24-206,1996,15.1,2.12,1.13,0.53,1.19,0.40,0.79,1.92,41.4,1.13,17.8,4.44,24.9,3.91,9.40,4.50,1.79,0.13,0.00,1.66,0.79,2.91,1.19,0.00,Matches
214,Ben Johnson\Ben-Johnson,eng ENG,DF,West Ham,21-043,2000,3.6,1.67,0.28,1.39,0.00,0.28,0.83,1.39,60.0,0.56,11.7,1.11,9.5,7.78,3.06,0.83,0.83,0.28,0.00,0.56,1.94,3.61,1.39,0.00,Matches
215,Sam Johnstone\Sam-Johnstone,eng ENG,GK,West Brom,27-348,1993,27.0,0.00,0.00,0.00,0.00,0.00,0.00,0.00,,0.00,0.07,0.07,100.0,0.07,0.00,0.00,0.00,0.00,0.00,0.00,0.00,0.00,0.00,0.00,Matches
216,Curtis Jones\Curtis-Jones,eng ENG,MF,Liverpool,20-037,2001,12.1,1.57,1.24,0.58,0.58,0.41,0.74,1.74,42.9,0.99,16.0,5.12,32.0,3.47,7.44,5.12,1.49,0.00,0.00,1.49,1.32,2.89,0.83,0.08,Matches
217,Jorginho\Jorginho,it ITA,MF,Chelsea,29-078,1991,14.0,2.86,1.79,1.50,1.00,0.36,1.07,3.07,34.9,2.00,19.8,7.43,37.5,7.50,10.1,2.14,1.79,0.21,0.00,1.57,1.86,4.71,1.00,0.00,Matches
218,Willian José\Willian-Jose,br BRA,FW,Wolves,29-105,1991,6.6,0.00,0.00,0.00,0.00,0.00,0.00,0.15,0.0,0.15,9.85,2.73,27.7,0.61,4.70,4.55,0.91,0.15,0.00,0.76,0.30,0.30,0.91,0.00,Matches
219,Diogo Jota\Diogo-Jota,pt POR,FW,Liverpool,24-094,1996,6.9,0.87,0.43,0.14,0.43,0.29,0.29,2.75,10.5,2.46,20.4,5.22,25.5,5.07,7.97,7.39,0.58,0.00,0.00,0.58,0.58,1.45,0.29,0.00,Matches
220,James Justin\James-Justin,eng ENG,DF,Leicester City,23-013,1998,23.0,2.78,1.22,1.78,0.78,0.22,0.78,1.87,41.9,1.09,15.0,4.70,31.4,7.78,4.65,2.52,2.48,0.48,0.00,2.00,1.04,3.83,2.61,0.00,Matches
221,Ozan Kabak\Ozan-Kabak,tr TUR,DF,Liverpool,20-348,2000,4.0,2.00,0.75,1.00,0.75,0.25,0.00,0.50,0.0,0.50,9.25,3.50,37.8,5.25,3.50,0.50,1.00,0.75,0.00,0.25,0.25,2.25,5.75,0.25,Matches
222,Aboubakar Kamara\Aboubakar-Kamara,fr FRA,FWDF,Fulham,26-001,1995,3.5,0.57,0.57,0.57,0.00,0.00,0.29,1.43,20.0,1.14,20.3,3.71,18.3,3.71,7.71,8.86,2.86,0.29,0.00,2.57,0.57,1.14,0.57,0.00,Matches
223,Harry Kane\Harry-Kane,eng ENG,FW,Tottenham,27-223,1993,24.3,0.53,0.33,0.12,0.33,0.08,0.16,0.58,28.6,0.41,11.8,2.84,24.1,0.82,5.76,5.19,0.91,0.37,0.04,0.53,0.45,0.99,1.32,0.00,Matches
224,N'Golo Kanté\NGolo-Kante,fr FRA,MF,Chelsea,29-344,1991,20.0,3.75,2.35,1.80,1.75,0.20,1.25,2.70,46.3,1.45,19.5,6.80,34.9,8.85,8.15,2.50,2.45,0.20,0.00,2.25,2.65,6.40,1.10,0.00,Matches
225,Moise Kean\Moise-Kean,it ITA,FW,Everton,21-008,2000,0.2,0.00,0.00,0.00,0.00,0.00,0.00,0.00,,0.00,5.00,0.00,0.0,0.00,0.00,5.00,0.00,0.00,0.00,0.00,0.00,0.00,0.00,0.00,Matches
226,Michael Keane\Michael-Keane,eng ENG,DF,Everton,28-056,1993,23.2,0.91,0.52,0.65,0.17,0.09,0.34,0.95,36.4,0.60,5.13,1.81,35.3,3.41,1.47,0.26,1.94,1.08,0.00,0.86,1.03,1.94,5.82,0.04,Matches
227,Neeskens Kebano\Neeskens-Kebano,cd COD,FWMF,Fulham,28-363,1992,1.3,0.77,0.77,0.77,0.00,0.00,0.77,2.31,33.3,1.54,23.1,6.92,30.0,3.08,10.0,10.0,3.85,0.00,0.00,3.85,0.00,0.77,0.77,0.00,Matches
228,Naby Keïta\Naby-Keita,gn GUI,MF,Liverpool,26-026,1995,5.5,1.27,0.91,0.73,0.36,0.18,0.36,2.91,12.5,2.55,25.1,6.73,26.8,3.09,12.7,9.27,2.00,0.00,0.00,2.00,2.00,3.27,0.73,0.00,Matches
229,Caoimhín Kelleher\Caoimhin-Kelleher,ie IRL,GK,Liverpool,22-105,1998,2.0,0.00,0.00,0.00,0.00,0.00,0.00,0.00,,0.00,0.00,0.00,,0.00,0.00,0.00,0.00,0.00,0.00,0.00,0.00,0.00,0.00,0.00,Matches
230,Jonjoe Kenny\Jonjoe-Kenny,eng ENG,DF,Everton,23-358,1997,0.9,1.11,0.00,1.11,0.00,0.00,0.00,1.11,0.0,1.11,12.2,1.11,9.1,4.44,4.44,3.33,2.22,0.00,0.00,2.22,1.11,2.22,1.11,0.00,Matches
231,Reda Khadra\Reda-Khadra,de GER,FW,Brighton,19-247,2001,0.1,0.00,0.00,0.00,0.00,0.00,0.00,0.00,,0.00,10.0,10.0,100.0,0.00,0.00,10.0,0.00,0.00,0.00,0.00,0.00,0.00,0.00,0.00,Matches
232,Max Kilman\Max-Kilman,eng ENG,DF,Wolves,23-289,1997,12.5,2.00,1.44,1.52,0.24,0.24,0.72,1.36,52.9,0.64,9.84,3.20,32.5,6.88,2.48,0.48,1.20,0.48,0.00,0.72,1.04,3.04,3.44,0.00,Matches
233,Joshua King\Joshua-King,no NOR,MFFW,Everton,29-052,1992,0.9,2.22,1.11,0.00,0.00,2.22,1.11,1.11,100.0,0.00,23.3,6.67,28.6,5.56,8.89,8.89,2.22,0.00,0.00,2.22,0.00,2.22,1.11,0.00,Matches
234,Mateusz Klich\Mateusz-Klich,pl POL,MF,Leeds United,30-268,1990,22.5,2.00,1.60,0.76,0.98,0.27,0.36,2.13,16.7,1.78,21.2,6.31,29.8,4.67,12.0,4.58,0.89,0.18,0.00,0.71,0.58,2.58,0.84,0.00,Matches
235,Robin Koch\Robin-Koch,de GER,DF,Leeds United,24-234,1996,10.1,1.98,1.29,1.29,0.69,0.00,0.89,1.78,50.0,0.89,12.1,3.27,27.0,6.73,5.15,0.20,2.38,1.09,0.00,1.29,0.69,2.67,2.87,0.20,Matches
236,Sead Kolašinac\Sead-Kolasinac,ba BIH,DF,Arsenal,27-261,1993,1.0,0.00,0.00,0.00,0.00,0.00,0.00,0.00,,0.00,3.00,1.00,33.3,0.00,2.00,1.00,0.00,0.00,0.00,0.00,0.00,0.00,0.00,0.00,Matches
237,Ezri Konsa\Ezri-Konsa,eng ENG,DF,Aston Villa,23-136,1997,23.5,0.81,0.55,0.64,0.13,0.04,0.26,0.51,50.0,0.26,6.04,1.96,32.4,3.57,2.09,0.38,1.70,1.28,0.00,0.43,0.47,1.28,4.51,0.00,Matches
238,Cheikhou Kouyaté\Cheikhou-Kouyate,sn SEN,DF,Crystal Palace,31-077,1989,24.7,1.94,1.05,1.50,0.36,0.08,0.61,1.21,50.0,0.61,9.11,2.96,32.4,6.23,2.39,0.49,1.58,0.77,0.00,0.81,0.89,2.83,4.78,0.08,Matches
239,Mateo Kovačić\Mateo-Kovacic,hr CRO,MF,Chelsea,26-306,1994,16.0,2.44,1.63,1.06,1.25,0.13,0.38,1.50,25.0,1.13,15.7,5.00,31.9,4.63,8.19,2.88,0.75,0.06,0.00,0.69,1.13,3.56,0.63,0.00,Matches
240,Emil Krafth\Emil-Krafth,se SWE,DF,Newcastle Utd,26-218,1994,8.7,2.41,1.61,1.38,0.92,0.11,1.03,2.18,47.4,1.15,12.4,4.02,32.4,6.44,4.37,1.61,2.18,0.57,0.00,1.61,1.38,3.79,3.79,0.00,Matches
241,Filip Krovinović\Filip-Krovinovic,hr CRO,MF,West Brom,25-191,1995,6.1,2.62,1.64,0.98,1.15,0.49,0.82,2.95,27.8,2.13,16.6,3.44,20.8,5.74,8.69,2.13,0.82,0.00,0.00,0.82,0.33,2.95,0.98,0.00,Matches
242,Alexandre Lacazette\Alexandre-Lacazette,fr FRA,FW,Arsenal,29-284,1991,16.0,1.19,0.88,0.31,0.63,0.25,0.25,0.94,26.7,0.69,15.2,5.06,33.3,2.00,6.50,6.69,0.94,0.13,0.00,0.81,0.69,1.88,0.56,0.00,Matches
243,Adam Lallana\Adam-Lallana,eng ENG,MFFW,Brighton,32-302,1988,11.2,1.16,1.07,0.63,0.36,0.18,0.27,2.59,10.3,2.32,17.3,5.71,33.0,5.09,7.86,4.38,1.61,0.18,0.00,1.43,0.98,2.14,0.98,0.00,Matches
244,Érik Lamela\Erik-Lamela,ar ARG,FWMF,Tottenham,29-004,1992,6.0,2.17,1.50,0.00,1.50,0.67,0.67,1.67,40.0,1.00,20.8,5.33,25.6,3.83,10.7,6.33,1.00,0.00,0.00,1.00,0.67,2.83,0.17,0.00,Matches
245,Tariq Lamptey\Tariq-Lamptey,eng ENG,DF,Brighton,20-159,2000,9.8,1.73,1.02,0.92,0.61,0.20,0.71,1.43,50.0,0.71,12.7,4.18,33.1,5.00,5.41,2.24,1.53,0.10,0.00,1.43,1.33,3.06,1.73,0.00,Matches
246,Manuel Lanzini\Manuel-Lanzini,ar ARG,MFFW,West Ham,28-021,1993,4.2,0.71,0.71,0.00,0.71,0.00,0.24,1.67,14.3,1.43,17.6,5.95,33.8,4.52,8.33,4.76,2.86,0.00,0.00,2.86,1.19,1.90,0.71,0.00,Matches
247,Aymeric Laporte\Aymeric-Laporte,fr FRA,DF,Manchester City,26-285,1994,9.4,1.06,0.64,0.64,0.32,0.11,0.11,0.64,16.7,0.53,5.96,2.02,33.9,3.30,2.13,0.53,0.85,0.43,0.00,0.43,0.53,1.60,3.94,0.00,Matches
248,Jamaal Lascelles\Jamaal-Lascelles,eng ENG,DF,Newcastle Utd,27-117,1993,15.1,1.26,0.79,0.73,0.40,0.13,0.26,0.40,66.7,0.13,8.08,2.52,31.1,5.10,2.65,0.33,1.92,0.86,0.13,1.06,0.79,2.05,6.03,0.07,Matches
249,Maxime Le Marchand\Maxime-Le-Marchand,fr FRA,DF,Fulham,31-148,1989,1.4,1.43,0.71,1.43,0.00,0.00,0.71,0.71,100.0,0.00,6.43,1.43,22.2,4.29,1.43,0.71,0.00,0.00,0.00,0.00,0.00,1.43,5.00,0.00,Matches
250,Mario Lemina\Mario-Lemina,ga GAB,MF,Fulham,27-188,1993,11.4,2.72,1.84,1.40,0.79,0.53,0.79,2.11,37.5,1.32,15.9,5.09,32.0,5.96,7.63,2.28,1.14,0.09,0.00,1.05,2.28,5.00,1.84,0.00,Matches
251,Bernd Leno\Bernd-Leno,de GER,GK,Arsenal,29-004,1992,25.8,0.00,0.00,0.00,0.00,0.00,0.00,0.00,,0.00,0.08,0.04,50.0,0.08,0.00,0.00,0.04,0.00,0.00,0.04,0.00,0.00,0.00,0.00,Matches
252,Jamal Lewis\Jamal-Lewis,nir NIR,DF,Newcastle Utd,23-042,1998,20.3,2.41,1.18,1.63,0.69,0.10,1.03,2.02,51.2,0.99,16.3,3.99,24.5,8.77,5.91,1.63,1.77,0.34,0.00,1.43,0.94,3.35,1.63,0.05,Matches
253,Victor Lindelöf\Victor-Lindelof,se SWE,DF,Manchester Utd,26-234,1994,20.7,0.82,0.48,0.48,0.29,0.05,0.29,0.63,46.2,0.34,5.94,2.13,35.8,3.57,2.13,0.24,1.59,0.77,0.00,0.82,0.72,1.55,4.35,0.00,Matches
254,Jesse Lingard\Jesse-Lingard,eng ENG,FWMF,West Ham,28-083,1992,4.9,1.22,1.02,0.61,0.41,0.20,0.41,1.22,33.3,0.82,23.7,5.10,21.6,3.88,15.5,4.29,0.61,0.00,0.00,0.61,1.43,2.65,0.00,0.00,Matches
255,Jake Livermore\Jake-Livermore,eng ENG,MF,West Brom,31-114,1989,13.6,2.13,1.40,0.74,1.25,0.15,0.81,2.35,34.4,1.54,17.5,4.78,27.3,5.29,9.56,2.65,2.43,0.51,0.00,1.91,1.32,3.46,2.35,0.00,Matches
256,Diego Llorente\Diego-Llorente,es ESP,DF,Leeds United,27-204,1993,3.0,4.67,4.33,2.33,2.33,0.00,2.00,3.33,60.0,1.33,19.7,9.00,45.8,11.3,8.33,0.00,1.33,0.67,0.00,0.67,3.33,8.00,6.00,0.00,Matches
257,Hugo Lloris\Hugo-Lloris,fr FRA,GK,Tottenham,34-072,1986,27.0,0.00,0.00,0.00,0.00,0.00,0.00,0.04,0.0,0.04,0.07,0.00,0.0,0.07,0.00,0.00,0.00,0.00,0.00,0.00,0.00,0.00,0.07,0.04,Matches
258,Giovani Lo Celso\Giovani-Lo-Celso,ar ARG,MFFW,Tottenham,24-333,1996,4.9,3.47,1.84,1.84,1.22,0.41,0.82,3.47,23.5,2.65,33.1,8.57,25.9,11.4,15.5,6.12,1.02,0.20,0.00,0.82,0.41,3.88,0.82,0.00,Matches
259,Ruben Loftus-Cheek\Ruben-Loftus-Cheek,eng ENG,FW,Chelsea,25-044,1996,0.7,0.00,0.00,0.00,0.00,0.00,0.00,0.00,,0.00,20.0,5.71,28.6,4.29,10.0,5.71,1.43,0.00,0.00,1.43,1.43,1.43,0.00,0.00,Matches
260,Ruben Loftus-Cheek\Ruben-Loftus-Cheek,eng ENG,MFFW,Fulham,25-044,1996,17.5,1.54,1.09,0.63,0.69,0.23,0.46,0.91,50.0,0.46,14.7,4.40,29.8,2.86,7.66,4.23,1.14,0.11,0.00,1.03,1.09,2.63,0.74,0.00,Matches
261,Kevin Long\Kevin-Long,ie IRL,DF,Burnley,30-202,1990,7.1,1.97,1.13,1.41,0.56,0.00,0.70,1.13,62.5,0.42,7.46,2.82,37.7,4.79,2.54,0.14,1.27,0.70,0.00,0.56,0.56,2.54,4.37,0.00,Matches
262,Shane Long\Shane-Long,ie IRL,FWMF,Southampton,34-045,1987,2.3,0.87,0.00,0.00,0.00,0.87,0.43,1.30,33.3,0.87,14.3,3.04,21.2,0.87,7.83,5.65,0.43,0.00,0.00,0.43,0.87,1.74,0.43,0.00,Matches
263,Matthew Longstaff\Matthew-Longstaff,eng ENG,MF,Newcastle Utd,20-352,2000,4.2,0.95,0.71,0.95,0.00,0.00,0.48,1.43,33.3,0.95,23.3,5.95,25.5,7.14,13.8,2.38,2.14,0.00,0.00,2.14,1.43,2.38,0.71,0.00,Matches
264,Sean Longstaff\Sean-Longstaff,eng ENG,MF,Newcastle Utd,23-129,1997,9.2,2.17,1.20,0.76,1.09,0.33,1.41,3.80,37.1,2.39,23.7,6.41,27.1,10.0,10.8,2.93,1.85,0.11,0.00,1.74,1.20,3.37,1.30,0.11,Matches
265,Ademola Lookman\Ademola-Lookman,eng ENG,FWMF,Fulham,23-139,1997,23.3,1.29,0.99,0.39,0.73,0.17,0.13,1.07,12.0,0.94,16.3,5.28,32.4,3.30,7.60,5.41,1.33,0.04,0.00,1.29,0.90,2.19,0.34,0.00,Matches
266,Max Lowe\Max-Lowe,eng ENG,DF,Sheffield Utd,23-301,1997,6.1,3.77,2.30,3.28,0.33,0.16,1.15,3.28,35.0,2.13,21.3,6.07,28.5,9.84,8.36,3.11,3.44,0.49,0.00,2.95,0.49,4.26,1.97,0.16,Matches
267,Matthew Lowton\Matthew-Lowton,eng ENG,DF,Burnley,31-272,1989,24.0,2.17,1.17,1.17,0.92,0.08,1.17,2.25,51.9,1.08,8.38,2.29,27.4,3.63,3.58,1.17,1.92,0.33,0.00,1.58,1.54,3.71,3.13,0.08,Matches
268,David Luiz\David-Luiz,br BRA,DF,Arsenal,33-320,1987,12.9,0.78,0.39,0.23,0.54,0.00,0.16,0.31,50.0,0.16,6.28,2.40,38.3,3.33,2.71,0.23,1.63,0.78,0.00,0.85,0.78,1.55,4.34,0.08,Matches
269,Douglas Luiz\Douglas-Luiz,br BRA,MF,Aston Villa,22-303,1998,21.3,1.88,1.27,0.85,0.94,0.09,0.56,1.92,29.3,1.36,16.8,4.41,26.3,6.48,8.17,2.11,1.83,0.70,0.00,1.13,0.94,2.82,1.50,0.00,Matches
270,John Lundstram\John-Lundstram,eng ENG,MF,Sheffield Utd,27-018,1994,19.3,1.19,0.52,0.41,0.67,0.10,0.41,1.92,21.6,1.50,14.5,3.21,22.1,4.72,6.84,2.95,1.97,0.41,0.00,1.55,0.83,2.02,1.40,0.05,Matches
271,Alexis Mac Allister\Alexis-Mac-Allister,ar ARG,MFFW,Brighton,22-074,1998,9.0,2.44,1.78,1.00,1.11,0.33,0.78,2.89,26.9,2.11,20.1,7.33,36.5,5.56,9.22,5.33,1.78,0.11,0.00,1.67,0.89,3.33,0.44,0.00,Matches
272,James Maddison\James-Maddison,eng ENG,MFFW,Leicester City,24-105,1996,18.1,1.55,1.10,0.22,0.72,0.61,0.44,1.27,34.8,0.83,15.2,3.87,25.4,2.76,7.68,4.81,0.61,0.06,0.00,0.55,0.55,2.10,0.33,0.00,Matches
273,Harry Maguire\Harry-Maguire,eng ENG,DF,Manchester Utd,28-003,1993,28.0,0.82,0.50,0.57,0.25,0.00,0.32,0.68,47.4,0.36,5.11,1.82,35.7,3.00,1.93,0.18,1.21,0.71,0.00,0.50,1.79,2.61,5.14,0.04,Matches
274,Riyad Mahrez\Riyad-Mahrez,dz ALG,FW,Manchester City,30-015,1991,17.4,1.09,0.80,0.17,0.46,0.46,0.46,1.67,27.6,1.21,10.7,2.87,26.9,1.03,4.71,4.94,1.21,0.00,0.00,1.21,0.11,1.21,0.17,0.00,Matches
275,Ainsley Maitland-Niles\Ainsley-Maitland-Niles,eng ENG,DF,Arsenal,23-191,1997,5.4,3.15,2.04,1.67,1.11,0.37,1.48,2.04,72.7,0.56,20.6,4.63,22.5,8.70,7.96,3.89,2.41,0.56,0.00,1.85,2.41,5.56,2.22,0.19,Matches
276,Ainsley Maitland-Niles\Ainsley-Maitland-Niles,eng ENG,MF,West Brom,23-191,1997,6.0,1.17,0.50,0.83,0.17,0.17,0.33,1.17,28.6,0.83,21.7,6.50,30.0,6.83,11.2,3.67,1.67,0.00,0.00,1.67,1.83,3.00,1.83,0.00,Matches
277,Josh Maja\Josh-Maja,ng NGA,FW,Fulham,22-071,1998,5.6,0.36,0.36,0.00,0.00,0.36,0.00,0.54,0.0,0.54,10.4,3.04,29.3,0.36,4.11,5.89,0.71,0.00,0.00,0.71,0.54,0.89,0.18,0.00,Matches
278,Sadio Mané\Sadio-Mane,sn SEN,FW,Liverpool,28-332,1992,23.1,1.30,1.04,0.30,0.61,0.39,0.30,0.78,38.9,0.48,13.9,4.81,34.7,1.73,4.63,7.49,1.30,0.09,0.00,1.21,0.52,1.82,0.22,0.00,Matches
279,Javier Manquillo\Javier-Manquillo,es ESP,DF,Newcastle Utd,26-307,1994,8.0,2.88,1.38,1.13,1.38,0.38,1.00,1.50,66.7,0.50,13.3,3.75,28.3,4.75,4.88,3.63,2.13,0.25,0.00,1.88,0.63,3.50,2.38,0.00,Matches
280,Fernando Marçal\Fernando-Marcal,br BRA,DF,Wolves,32-017,1989,6.8,1.32,0.59,0.74,0.59,0.00,0.29,0.88,33.3,0.59,9.26,2.79,30.2,4.41,3.24,1.62,2.79,0.29,0.00,2.50,1.03,2.35,3.38,0.00,Matches
281,Solly March\Solly-March,eng ENG,DF,Brighton,26-231,1994,18.6,3.01,1.88,1.56,0.97,0.48,0.81,1.77,45.5,0.97,12.9,3.82,29.6,4.62,4.52,3.76,2.69,0.32,0.00,2.37,1.02,4.03,0.86,0.00,Matches
282,Pablo Marí\Pablo-Mari,es ESP,DF,Arsenal,27-189,1993,6.0,1.67,1.67,1.17,0.50,0.00,0.50,1.00,50.0,0.50,6.17,3.17,51.4,3.50,2.67,0.00,1.67,0.83,0.00,0.83,0.50,2.17,5.67,0.00,Matches
283,Anthony Martial\Anthony-Martial,fr FRA,FW,Manchester Utd,25-093,1995,16.4,0.06,0.06,0.00,0.00,0.06,0.00,0.43,0.0,0.43,8.90,2.50,28.1,0.79,2.32,5.79,1.22,0.24,0.00,0.98,0.24,0.30,0.49,0.00,Matches
284,Martinelli\Martinelli,br BRA,FW,Arsenal,19-263,2001,2.3,1.74,0.43,0.43,0.87,0.43,1.30,3.91,33.3,2.61,19.1,1.74,9.1,3.91,5.65,9.57,0.43,0.00,0.00,0.43,2.17,3.91,1.30,0.00,Matches
285,Emiliano Martínez\Emiliano-Martinez,ar ARG,GK,Aston Villa,28-187,1992,26.0,0.00,0.00,0.00,0.00,0.00,0.00,0.00,,0.00,0.08,0.00,0.0,0.08,0.00,0.00,0.00,0.00,0.00,0.00,0.00,0.00,0.00,0.04,Matches
286,Arthur Masuaku\Arthur-Masuaku,cd COD,DF,West Ham,27-121,1993,9.4,1.81,1.17,1.38,0.32,0.11,1.17,3.09,37.9,1.91,11.0,3.62,33.0,6.70,2.77,1.49,2.87,0.00,0.00,2.87,0.21,2.02,1.49,0.00,Matches
287,Juan Mata\Juan-Mata,es ESP,FW,Manchester Utd,32-314,1988,3.8,0.53,0.53,0.26,0.26,0.00,0.00,1.32,0.0,1.32,11.1,2.63,23.8,2.37,3.42,5.26,0.53,0.00,0.00,0.53,0.00,0.53,0.53,0.00,Matches
288,Jean-Philippe Mateta\Jean-Philippe-Mateta,fr FRA,FW,Crystal Palace,23-253,1997,1.9,0.00,0.00,0.00,0.00,0.00,0.00,0.00,,0.00,12.6,0.53,4.2,1.05,6.84,4.74,0.00,0.00,0.00,0.00,0.53,0.53,1.05,0.00,Matches
289,Nemanja Matić\Nemanja-Matic,rs SRB,MF,Manchester Utd,32-219,1988,10.2,2.06,1.18,1.18,0.78,0.10,0.88,2.35,37.5,1.47,13.5,4.12,30.4,5.78,6.67,1.08,2.65,0.39,0.00,2.25,0.88,2.94,1.27,0.00,Matches
290,Joël Matip\Joel-Matip,cm CMR,DF,Liverpool,29-212,1991,7.7,1.82,1.30,1.30,0.52,0.00,0.65,1.04,62.5,0.39,7.66,3.12,40.7,4.68,2.60,0.39,0.91,0.00,0.00,0.91,0.52,2.34,3.64,0.00,Matches
291,Neal Maupay\Neal-Maupay,fr FRA,FWMF,Brighton,24-206,1996,20.8,0.72,0.53,0.19,0.34,0.19,0.00,0.43,0.0,0.43,15.4,4.90,31.9,2.26,6.06,7.07,0.72,0.10,0.00,0.63,0.43,1.15,0.34,0.00,Matches
292,James McArthur\James-McArthur,sco SCO,MF,Crystal Palace,33-152,1987,16.3,3.31,1.53,1.78,1.29,0.25,1.10,2.82,39.1,1.72,23.1,6.38,27.6,9.82,11.2,2.15,2.39,0.25,0.00,2.15,1.41,4.72,1.53,0.00,Matches
293,Oliver McBurnie\Oliver-McBurnie,sco SCO,FW,Sheffield Utd,24-277,1996,13.7,0.88,0.51,0.36,0.36,0.15,0.29,1.09,26.7,0.80,19.6,4.01,20.4,1.53,10.8,7.30,1.17,0.29,0.00,0.88,0.51,1.39,1.61,0.00,Matches
294,Alex McCarthy\Alex-McCarthy,eng ENG,GK,Southampton,31-095,1989,24.0,0.00,0.00,0.00,0.00,0.00,0.00,0.08,0.0,0.08,0.13,0.04,33.3,0.13,0.00,0.00,0.00,0.00,0.00,0.00,0.00,0.00,0.08,0.04,Matches
295,James McCarthy\James-McCarthy,ie IRL,MF,Crystal Palace,30-116,1990,6.0,1.83,0.83,1.50,0.33,0.00,0.83,2.33,35.7,1.50,18.5,4.50,24.3,8.33,9.00,1.17,2.67,1.17,0.00,1.50,1.17,3.00,1.33,0.00,Matches
296,John McGinn\John-McGinn,sco SCO,MF,Aston Villa,26-141,1994,25.0,2.12,1.28,0.72,1.16,0.24,0.76,2.20,34.5,1.44,15.0,4.00,26.7,4.60,7.92,2.44,1.08,0.16,0.00,0.92,1.00,3.12,0.92,0.08,Matches
297,David McGoldrick\David-McGoldrick,ie IRL,FWMF,Sheffield Utd,33-099,1987,18.0,1.06,0.61,0.28,0.44,0.33,0.33,1.06,31.6,0.72,16.1,4.22,26.3,2.50,6.72,6.83,1.56,0.11,0.00,1.44,0.61,1.67,0.83,0.00,Matches
298,Dwight McNeil\Dwight-McNeil,eng ENG,MF,Burnley,21-106,1999,24.7,0.97,0.45,0.32,0.49,0.16,0.20,1.58,12.8,1.38,16.4,3.68,22.5,3.85,8.50,4.05,2.02,0.20,0.00,1.82,0.97,1.94,0.69,0.04,Matches
299,Scott McTominay\Scott-McTominay,sco SCO,MF,Manchester Utd,24-090,1996,16.9,1.83,1.12,1.12,0.53,0.18,0.53,1.72,31.0,1.18,14.0,4.50,32.1,5.21,6.75,2.07,2.49,0.71,0.00,1.78,1.66,3.49,2.13,0.00,Matches
300,Ben Mee\Ben-Mee,eng ENG,DF,Burnley,31-166,1989,20.9,1.20,0.72,0.67,0.48,0.05,0.19,0.62,30.8,0.43,4.69,1.20,25.5,2.68,1.72,0.29,2.01,1.29,0.05,0.72,0.67,1.87,8.28,0.05,Matches
301,Benjamin Mendy\Benjamin-Mendy,fr FRA,DF,Manchester City,26-234,1994,5.6,1.43,0.89,0.54,0.36,0.54,0.36,1.43,25.0,1.07,8.93,2.50,28.0,2.50,4.11,2.32,1.79,0.36,0.00,1.43,0.36,1.79,1.43,0.18,Matches
302,Edouard Mendy\Edouard-Mendy,sn SEN,GK,Chelsea,29-007,1992,22.0,0.00,0.00,0.00,0.00,0.00,0.00,0.05,0.0,0.05,0.14,0.00,0.0,0.14,0.00,0.00,0.00,0.00,0.00,0.00,0.00,0.00,0.00,0.05,Matches
303,Nampalys Mendy\Nampalys-Mendy,fr FRA,MF,Leicester City,28-258,1992,15.2,2.17,1.38,1.18,0.86,0.13,0.46,0.99,46.7,0.53,16.0,5.07,31.7,6.45,7.30,2.24,1.32,0.13,0.00,1.18,0.46,2.63,0.46,0.00,Matches
304,Illan Meslier\Illan-Meslier,fr FRA,GK,Leeds United,21-006,2000,25.0,0.00,0.00,0.00,0.00,0.00,0.00,0.04,0.0,0.04,0.16,0.04,25.0,0.16,0.00,0.00,0.00,0.00,0.00,0.00,0.00,0.00,0.00,0.08,Matches
305,Luka Milivojević\Luka-Milivojevic,rs SRB,MF,Crystal Palace,29-335,1991,19.6,2.45,1.58,1.02,1.17,0.26,1.22,3.06,40.0,1.84,18.5,4.90,26.4,7.86,8.72,1.94,1.63,0.20,0.00,1.43,1.58,4.03,1.84,0.00,Matches
306,James Milner\James-Milner,eng ENG,MFDF,Liverpool,35-063,1986,8.1,2.10,1.48,0.74,1.23,0.12,0.62,2.72,22.7,2.10,15.3,4.94,32.3,3.70,8.89,2.72,3.70,0.37,0.00,3.33,1.48,3.58,1.73,0.12,Matches
307,Yerry Mina\Yerry-Mina,co COL,DF,Everton,26-166,1994,18.2,1.15,0.55,0.88,0.27,0.00,0.27,0.44,62.5,0.16,6.81,1.92,28.2,4.51,2.20,0.11,1.70,1.15,0.00,0.55,0.60,1.76,5.77,0.05,Matches
308,Takumi Minamino\Takumi-Minamino,jp JPN,MFFW,Liverpool,26-051,1995,3.3,1.21,0.91,0.30,0.61,0.30,0.00,3.64,0.0,3.64,24.2,7.27,30.0,5.76,11.8,6.67,0.00,0.00,0.00,0.00,0.00,1.21,0.91,0.00,Matches
309,Takumi Minamino\Takumi-Minamino,jp JPN,MF,Southampton,26-051,1995,3.8,0.26,0.26,0.26,0.00,0.00,0.26,1.84,14.3,1.58,12.6,3.42,27.1,3.95,5.79,2.89,1.05,0.00,0.00,1.05,0.79,1.05,1.58,0.00,Matches
310,Tyrone Mings\Tyrone-Mings,eng ENG,DF,Aston Villa,27-360,1993,24.5,0.61,0.37,0.41,0.16,0.04,0.33,0.57,57.1,0.24,5.47,1.63,29.9,2.94,2.00,0.53,1.96,1.10,0.04,0.86,0.69,1.31,6.16,0.08,Matches
311,Tyrick Mitchell\Tyrick-Mitchell,eng ENG,DF,Crystal Palace,21-188,1999,13.0,3.85,1.54,2.69,0.54,0.62,1.15,2.00,57.7,0.85,20.6,5.15,25.0,14.2,4.31,2.08,2.31,0.15,0.00,2.15,1.08,4.92,3.31,0.08,Matches
312,Aleksandar Mitrović\Aleksandar-Mitrovic,rs SRB,FW,Fulham,26-173,1994,11.7,0.77,0.60,0.09,0.34,0.34,0.17,0.51,33.3,0.34,11.2,4.36,38.9,0.85,3.85,6.50,1.45,0.34,0.00,1.11,0.26,1.03,0.51,0.00,Matches
313,Jakub Moder\Jakub-Moder,pl POL,MF,Brighton,21-335,1999,0.1,10.0,10.0,10.0,0.00,0.00,0.00,0.00,,0.00,20.0,10.0,50.0,10.0,10.0,0.00,0.00,0.00,0.00,0.00,0.00,10.0,0.00,0.00,Matches
314,Jayson Molumby\Jayson-Molumby,ie IRL,MF,Brighton,21-214,1999,0.0,0,0,0,0,0,0,0,,0,1,0,0.0,1,0,0,0,0,0,0,0,0,0,0,Matches
315,Wes Morgan\Wes-Morgan,jm JAM,DF,Leicester City,37-046,1984,0.2,0.00,0.00,0.00,0.00,0.00,0.00,0.00,,0.00,0.00,0.00,,0.00,0.00,0.00,0.00,0.00,0.00,0.00,0.00,0.00,5.00,0.00,Matches
316,Mason Mount\Mason-Mount,eng ENG,MFFW,Chelsea,22-057,1999,23.6,2.37,1.61,0.97,0.97,0.42,0.51,2.03,25.0,1.53,20.8,6.36,30.6,4.83,9.66,6.27,1.44,0.04,0.00,1.40,1.23,3.60,0.55,0.00,Matches
317,Lucas Moura\Lucas-Moura,br BRA,FWMF,Tottenham,28-207,1992,10.3,2.23,1.46,0.58,1.36,0.29,0.49,1.84,26.3,1.36,16.7,3.79,22.7,4.66,7.86,4.17,0.87,0.00,0.00,0.87,1.17,3.40,0.49,0.00,Matches
318,Lys Mousset\Lys-Mousset,fr FRA,FWMF,Sheffield Utd,25-028,1996,2.6,0.00,0.00,0.00,0.00,0.00,0.00,1.15,0.0,1.15,17.7,3.85,21.7,0.38,6.92,10.4,0.38,0.38,0.00,0.00,0.00,0.00,0.00,0.00,Matches
319,João Moutinho\Joao-Moutinho,pt POR,MF,Wolves,34-181,1986,21.6,2.18,1.48,1.06,0.97,0.14,0.93,3.19,29.0,2.27,17.6,5.14,29.1,6.67,8.70,2.27,1.48,0.14,0.00,1.34,1.30,3.47,1.16,0.00,Matches
320,Joel Mumbongo\Joel-Mumbongo,se SWE,FW,Burnley,22-058,1999,0.4,0.00,0.00,0.00,0.00,0.00,0.00,0.00,,0.00,17.5,2.50,14.3,0.00,2.50,15.0,2.50,0.00,0.00,2.50,0.00,0.00,0.00,0.00,Matches
321,Jacob Murphy\Jacob-Murphy,eng ENG,DFFW,Newcastle Utd,26-012,1995,8.7,2.41,1.49,1.03,1.03,0.34,1.49,2.64,56.5,1.15,18.7,4.14,22.1,7.70,6.44,4.60,2.76,0.23,0.00,2.53,0.69,3.10,1.61,0.00,Matches
322,Shkodran Mustafi\Shkodran-Mustafi,de GER,DF,Arsenal,28-325,1992,0.5,2.00,2.00,2.00,0.00,0.00,2.00,2.00,100.0,0.00,14.0,4.00,28.6,6.00,8.00,0.00,2.00,0.00,0.00,2.00,0.00,2.00,4.00,0.00,Matches
323,Marvelous Nakamba\Marvelous-Nakamba,zw ZIM,MF,Aston Villa,27-048,1994,4.9,2.45,1.22,1.02,1.43,0.00,0.61,1.43,42.9,0.82,18.6,5.71,30.8,9.59,7.96,1.02,1.63,0.41,0.00,1.22,1.63,4.08,2.04,0.00,Matches
324,Wilfred Ndidi\Wilfred-Ndidi,ng NGA,MFDF,Leicester City,24-082,1996,14.6,4.59,2.95,2.47,1.71,0.41,1.16,2.95,39.5,1.78,19.5,7.40,38.0,8.70,9.25,1.51,3.36,0.68,0.00,2.67,1.85,6.44,3.70,0.00,Matches
325,Tanguy Ndombele\Tanguy-Ndombele,fr FRA,MF,Tottenham,24-070,1996,17.9,2.23,1.34,0.56,1.01,0.67,0.50,1.84,27.3,1.34,19.1,5.92,31.1,5.53,9.83,3.69,1.45,0.17,0.00,1.28,1.06,3.30,0.89,0.00,Matches
326,Reiss Nelson\Reiss-Nelson,eng ENG,FW,Arsenal,21-088,1999,0.8,0.00,0.00,0.00,0.00,0.00,0.00,0.00,,0.00,16.3,7.50,46.2,2.50,7.50,6.25,1.25,0.00,0.00,1.25,1.25,1.25,1.25,0.00,Matches
327,Pedro Neto\Pedro-Neto,pt POR,FWMF,Wolves,20-364,2000,26.0,0.81,0.69,0.27,0.23,0.31,0.19,1.12,17.2,0.92,12.0,3.38,28.3,3.15,5.38,3.42,0.96,0.08,0.00,0.88,0.96,1.77,0.42,0.00,Matches
328,Rúben Neves\Ruben-Neves,pt POR,MF,Wolves,23-360,1997,22.3,2.60,2.02,1.35,1.08,0.18,1.03,2.91,35.4,1.88,18.7,5.87,31.4,8.12,9.10,1.48,2.47,0.31,0.00,2.15,1.39,3.99,1.88,0.04,Matches
329,Eddie Nketiah\Eddie-Nketiah,eng ENG,FW,Arsenal,21-282,1999,3.6,0.56,0.56,0.00,0.28,0.28,0.00,0.56,0.0,0.56,20.6,2.78,13.5,2.50,10.3,7.78,1.94,0.56,0.00,1.39,0.28,0.83,1.11,0.00,Matches
330,Niels Nkounkou\Niels-Nkounkou,fr FRA,DF,Everton,20-127,2000,0.8,5.00,0.00,2.50,1.25,1.25,1.25,5.00,25.0,3.75,25.0,5.00,20.0,7.50,11.3,6.25,5.00,0.00,0.00,5.00,0.00,5.00,5.00,0.00,Matches
331,Dan Nlundulu\Dan-Nlundulu,eng ENG,FW,Southampton,22-031,1999,1.2,0.00,0.00,0.00,0.00,0.00,0.00,1.67,0.0,1.67,23.3,5.83,25.0,4.17,6.67,12.5,4.17,0.00,0.00,4.17,0.00,0.00,1.67,0.00,Matches
332,Mark Noble\Mark-Noble,eng ENG,MF,West Ham,33-304,1987,3.5,0.57,0.29,0.00,0.29,0.29,0.29,2.00,14.3,1.71,12.6,2.29,18.2,3.14,7.71,1.71,0.57,0.00,0.00,0.57,1.43,2.00,0.29,0.00,Matches
333,Oliver Norwood\Oliver-Norwood,nir NIR,MF,Sheffield Utd,29-330,1991,15.1,2.38,1.26,1.06,1.26,0.07,0.79,3.05,26.1,2.25,16.8,4.17,24.8,6.69,8.21,1.92,1.39,0.46,0.00,0.93,1.32,3.71,2.19,0.07,Matches
334,Jack O'Connell\Jack-OConnell,eng ENG,DF,Sheffield Utd,26-344,1994,2.0,1.50,0.50,0.50,0.50,0.50,0.00,1.00,0.0,1.00,5.00,2.00,40.0,2.50,1.00,1.50,3.00,1.50,0.00,1.50,0.00,1.50,5.50,0.00,Matches
335,Dara O'Shea\Dara-OShea,ie IRL,DF,West Brom,22-004,1999,19.0,2.21,1.42,1.42,0.68,0.11,0.63,1.89,33.3,1.26,10.1,3.74,37.0,6.47,2.95,0.68,2.47,0.95,0.05,1.53,1.42,3.63,6.11,0.00,Matches
336,Michael Obafemi\Michael-Obafemi,ie IRL,FW,Southampton,20-245,2000,0.2,0.00,0.00,0.00,0.00,0.00,0.00,0.00,,0.00,30.0,10.0,33.3,20.0,5.00,5.00,0.00,0.00,0.00,0.00,0.00,0.00,0.00,0.00,Matches
337,Denis Odoi\Denis-Odoi,be BEL,DF,Fulham,32-285,1988,3.0,1.00,0.00,0.67,0.33,0.00,0.33,1.33,25.0,1.00,7.67,1.00,13.0,3.67,2.67,1.33,2.00,0.33,0.00,1.67,0.33,1.33,3.67,0.00,Matches
338,Angelo Ogbonna\Angelo-Ogbonna,it ITA,DF,West Ham,32-289,1988,22.7,0.93,0.62,0.75,0.13,0.04,0.00,0.48,0.0,0.48,7.80,3.17,40.7,4.93,2.51,0.35,1.50,0.53,0.00,0.97,0.84,1.76,6.17,0.00,Matches
339,Robin Olsen\Robin-Olsen,se SWE,GK,Everton,31-059,1990,5.0,0.00,0.00,0.00,0.00,0.00,0.00,0.00,,0.00,0.00,0.00,,0.00,0.00,0.00,0.00,0.00,0.00,0.00,0.00,0.00,0.40,0.00,Matches
340,Josh Onomah\Josh-Onomah,eng ENG,MF,Fulham,23-315,1997,1.6,1.25,0.63,0.00,1.25,0.00,0.00,0.00,,0.00,21.9,6.25,28.6,2.50,11.9,7.50,0.63,0.63,0.00,0.00,0.00,1.25,0.63,0.00,Matches
341,Divock Origi\Divock-Origi,be BEL,FW,Liverpool,25-324,1995,2.1,1.90,1.43,0.48,0.95,0.48,0.48,0.48,100.0,0.00,18.6,7.14,38.5,1.43,5.24,11.9,1.90,0.48,0.00,1.43,0.48,2.38,0.95,0.00,Matches
342,Ben Osborn\Ben-Osborn,eng ENG,MFDF,Sheffield Utd,26-215,1994,10.1,1.88,1.09,1.19,0.50,0.20,0.69,2.97,23.3,2.28,20.0,4.75,23.8,7.72,8.22,4.06,1.68,0.20,0.00,1.49,0.79,2.67,1.09,0.00,Matches
343,Owen Otasowie\Owen-Otasowie,us USA,MF,Wolves,19-322,2001,1.3,3.85,3.08,2.31,1.54,0.00,0.00,0.77,0.0,0.77,17.7,9.23,52.2,5.38,10.0,2.31,2.31,0.77,0.00,1.54,2.31,6.15,0.77,0.00,Matches
344,Alex Oxlade-Chamberlain\Alex-Oxlade-Chamberlain,eng ENG,FWMF,Liverpool,27-205,1993,2.4,0.42,0.42,0.00,0.42,0.00,0.00,1.67,0.0,1.67,14.2,4.17,29.4,0.83,7.50,5.83,0.83,0.00,0.00,0.83,0.42,0.83,0.42,0.00,Matches
345,Emerson Palmieri\Emerson-Palmieri,it ITA,DF,Chelsea,26-217,1994,1.0,3.00,2.00,1.00,1.00,1.00,1.00,3.00,33.3,2.00,14.0,3.00,21.4,6.00,3.00,5.00,2.00,0.00,0.00,2.00,1.00,4.00,10.0,0.00,Matches
346,Thomas Partey\Thomas-Partey,gh GHA,MF,Arsenal,27-268,1993,8.7,2.99,1.95,1.15,1.61,0.23,1.61,3.33,48.3,1.72,15.3,6.44,42.1,5.63,7.47,2.18,1.95,0.23,0.00,1.72,0.92,3.91,1.38,0.00,Matches
347,Rui Patrício\Rui-Patricio,pt POR,GK,Wolves,33-021,1988,28.0,0.00,0.00,0.00,0.00,0.00,0.00,0.00,,0.00,0.07,0.00,0.0,0.07,0.00,0.00,0.00,0.00,0.00,0.00,0.00,0.00,0.00,0.00,Matches
348,Bailey Peacock-Farrell\Bailey-Peacock-Farrell,nir NIR,GK,Burnley,24-130,1996,1.0,0.00,0.00,0.00,0.00,0.00,0.00,0.00,,0.00,0.00,0.00,,0.00,0.00,0.00,0.00,0.00,0.00,0.00,0.00,0.00,0.00,0.00,Matches
349,Lee Peltier\Lee-Peltier,eng ENG,DF,West Brom,34-087,1986,2.5,4.00,2.80,3.60,0.40,0.00,1.20,1.20,100.0,0.00,12.8,4.80,37.5,6.00,5.60,1.20,0.80,0.00,0.00,0.80,0.80,4.80,4.80,0.00,Matches
350,Nicolas Pépé\Nicolas-Pepe,ci CIV,FW,Arsenal,25-283,1995,11.1,1.35,1.17,0.54,0.72,0.09,0.63,1.44,43.8,0.81,12.8,3.69,28.9,2.88,4.59,5.32,1.35,0.09,0.00,1.26,1.08,2.43,0.81,0.09,Matches
351,Matheus Pereira\Matheus-Pereira,br BRA,MFFW,West Brom,24-307,1996,20.1,1.29,0.80,0.45,0.60,0.25,0.30,1.84,16.2,1.54,16.0,4.38,27.3,3.83,8.26,3.93,1.04,0.00,0.00,1.04,1.09,2.39,0.75,0.00,Matches
352,Ricardo Pereira\Ricardo-Pereira,pt POR,DFFW,Leicester City,27-153,1993,7.6,3.68,1.71,2.37,1.18,0.13,1.32,2.89,45.5,1.58,17.2,5.66,32.8,8.42,6.18,2.63,2.63,0.00,0.00,2.63,1.58,5.26,2.89,0.00,Matches
353,Ayoze Pérez\Ayoze-Perez,es ESP,FWMF,Leicester City,27-228,1993,9.8,2.45,1.02,0.82,1.33,0.31,0.71,3.06,23.3,2.35,21.6,5.51,25.5,4.49,10.2,6.94,2.24,0.10,0.00,2.14,1.12,3.57,0.51,0.00,Matches
354,Kalvin Phillips\Kalvin-Phillips,eng ENG,MF,Leeds United,25-096,1995,17.5,2.86,1.60,1.77,0.80,0.29,0.91,2.91,31.4,2.00,20.1,6.63,33.0,8.57,9.77,1.77,2.29,0.57,0.00,1.71,1.71,4.57,2.23,0.00,Matches
355,Matt Phillips\Matt-Phillips,sco SCO,MFDF,West Brom,29-360,1991,11.6,0.95,0.60,0.26,0.34,0.34,0.26,1.29,20.0,1.03,14.6,3.36,23.1,5.00,5.86,3.71,2.93,0.26,0.09,2.67,0.78,1.72,0.95,0.00,Matches
356,Nathaniel Phillips\Nathaniel-Phillips,eng ENG,DF,Liverpool,23-352,1997,8.2,1.10,0.61,0.73,0.37,0.00,0.00,1.22,0.0,1.22,11.0,4.15,37.8,5.24,5.37,0.37,1.22,0.73,0.00,0.49,0.98,2.07,6.83,0.00,Matches
357,Jordan Pickford\Jordan-Pickford,eng ENG,GK,Everton,27-001,1994,21.0,0.00,0.00,0.00,0.00,0.00,0.00,0.05,0.0,0.05,0.24,0.05,20.0,0.24,0.00,0.00,0.05,0.00,0.00,0.05,0.00,0.00,0.14,0.10,Matches
358,Erik Pieters\Erik-Pieters,nl NED,DFMF,Burnley,32-213,1988,11.7,2.65,1.71,1.54,0.94,0.17,1.20,2.99,40.0,1.79,14.7,3.59,24.4,6.58,6.07,2.05,3.33,0.68,0.09,2.65,0.51,3.16,2.65,0.00,Matches
359,Daniel Podence\Daniel-Podence,pt POR,FWMF,Wolves,25-138,1995,14.6,1.23,0.48,0.34,0.55,0.34,0.41,1.30,31.6,0.89,12.2,3.42,28.1,2.60,5.21,4.38,0.34,0.07,0.00,0.27,0.82,2.05,0.34,0.00,Matches
360,Paul Pogba\Paul-Pogba,fr FRA,MFFW,Manchester Utd,27-358,1993,15.0,2.13,1.47,0.87,0.93,0.33,0.60,1.73,34.6,1.13,14.1,4.80,34.0,4.80,5.93,3.40,0.87,0.07,0.00,0.80,1.00,3.13,2.13,0.00,Matches
361,Nick Pope\Nick-Pope,eng ENG,GK,Burnley,28-323,1992,27.0,0.04,0.00,0.04,0.00,0.00,0.04,0.07,50.0,0.04,0.22,0.07,33.3,0.22,0.00,0.00,0.00,0.00,0.00,0.00,0.00,0.04,0.11,0.04,Matches
362,Dennis Praet\Dennis-Praet,be BEL,MFFW,Leicester City,26-298,1994,7.3,1.64,0.96,0.68,0.82,0.14,0.82,1.78,46.2,0.96,17.3,4.11,23.8,4.79,8.22,4.25,1.92,0.27,0.00,1.64,0.96,2.60,0.41,0.00,Matches
363,Davy Pröpper\Davy-Propper,nl NED,MF,Brighton,29-187,1991,2.2,2.27,1.36,0.00,2.27,0.00,0.45,1.82,25.0,1.36,12.7,5.00,39.3,5.91,5.91,0.91,0.91,0.00,0.00,0.91,0.45,2.73,0.00,0.00,Matches
364,Christian Pulisic\Christian-Pulisic,us USA,FWMF,Chelsea,22-171,1998,11.2,1.25,0.71,0.71,0.54,0.00,0.27,1.16,23.1,0.89,15.5,4.73,30.5,3.48,7.68,4.38,1.70,0.09,0.00,1.61,0.63,1.88,0.71,0.00,Matches
365,Aaron Ramsdale\Aaron-Ramsdale,eng ENG,GK,Sheffield Utd,22-298,1998,28.0,0.00,0.00,0.00,0.00,0.00,0.00,0.00,,0.00,0.21,0.07,33.3,0.18,0.00,0.04,0.00,0.00,0.00,0.00,0.00,0.00,0.04,0.07,Matches
366,Jacob Ramsey\Jacob-Ramsey,eng ENG,MF,Aston Villa,19-284,2001,3.7,0.54,0.54,0.27,0.27,0.00,0.00,1.35,0.0,1.35,25.1,6.49,25.8,8.65,11.4,5.14,2.16,0.54,0.00,1.62,0.54,1.08,1.08,0.00,Matches
367,Kayne Ramsey\Kayne-Ramsey,eng ENG,DF,Southampton,20-149,2000,1.0,5.00,3.00,4.00,1.00,0.00,3.00,3.00,100.0,0.00,8.00,5.00,62.5,7.00,1.00,0.00,1.00,1.00,0.00,0.00,1.00,6.00,4.00,0.00,Matches
368,Darren Randolph\Darren-Randolph,ie IRL,GK,West Ham,33-300,1987,2.0,0.00,0.00,0.00,0.00,0.00,0.00,0.00,,0.00,0.00,0.00,,0.00,0.00,0.00,0.00,0.00,0.00,0.00,0.00,0.00,0.00,0.00,Matches
369,Marcus Rashford\Marcus-Rashford,eng ENG,FW,Manchester Utd,23-128,1997,25.4,0.35,0.24,0.08,0.08,0.20,0.08,0.67,11.8,0.59,9.80,2.20,22.5,1.26,3.90,4.65,0.83,0.08,0.00,0.75,0.35,0.71,0.28,0.00,Matches
370,Tim Ream\Tim-Ream,us USA,DF,Fulham,33-154,1987,5.0,1.00,0.40,1.00,0.00,0.00,0.40,1.00,40.0,0.60,5.00,1.20,24.0,2.40,2.60,0.00,1.80,0.80,0.00,1.00,0.60,1.60,3.40,0.20,Matches
371,Nathan Redmond\Nathan-Redmond,eng ENG,MFFW,Southampton,27-002,1994,10.7,1.78,1.03,0.84,0.65,0.28,0.47,1.31,35.7,0.84,18.7,5.14,27.5,3.93,7.94,6.82,1.21,0.00,0.00,1.21,0.56,2.34,0.56,0.00,Matches
372,Harrison Reed\Harrison-Reed,eng ENG,MF,Fulham,26-040,1995,19.9,2.56,1.46,0.95,1.46,0.15,0.95,3.57,26.8,2.61,20.3,6.08,30.0,8.99,9.20,2.11,2.16,0.55,0.00,1.61,2.26,4.82,2.21,0.00,Matches
373,Sergio Reguilón\Sergio-Reguilon,es ESP,DF,Tottenham,24-082,1996,14.6,2.47,1.30,1.71,0.62,0.14,0.82,1.99,41.4,1.16,15.8,4.32,27.3,7.81,5.41,2.60,2.33,0.34,0.00,1.99,1.10,3.56,3.15,0.00,Matches
374,Bobby Reid\Bobby-Reid,jm JAM,FWDF,Fulham,28-034,1993,18.6,1.18,0.70,0.48,0.48,0.22,0.32,1.08,30.0,0.75,14.8,4.03,27.3,4.52,5.43,4.84,1.67,0.27,0.00,1.40,0.54,1.72,1.88,0.00,Matches
375,Declan Rice\Declan-Rice,eng ENG,MF,West Ham,22-053,1999,26.0,2.46,1.81,1.50,0.92,0.04,0.88,1.81,48.9,0.92,15.0,4.62,30.7,6.35,7.46,1.23,1.69,0.23,0.00,1.46,2.04,4.50,1.15,0.04,Matches
376,Lewis Richardson\Lewis-Richardson,eng ENG,FW,Burnley,18-029,2003,0.0,0,0,0,0,0,0,0,,0,1,1,100.0,0,0,1,0,0,0,0,0,0,0,0,Matches
377,Richarlison\Richarlison,br BRA,FW,Everton,23-302,1997,20.0,1.75,1.15,1.15,0.50,0.10,0.55,1.50,36.7,0.95,15.2,4.65,30.7,4.35,6.25,4.55,1.10,0.10,0.00,1.00,0.50,2.25,1.10,0.00,Matches
378,Jaïro Riedewald\Jairo-Riedewald,nl NED,MF,Crystal Palace,24-180,1996,13.9,1.94,1.22,0.79,0.94,0.22,0.65,1.80,36.0,1.15,12.7,3.74,29.4,5.90,5.68,1.15,2.52,0.43,0.00,2.09,0.94,2.88,1.58,0.00,Matches
379,Matt Ritchie\Matt-Ritchie,sco SCO,DFMF,Newcastle Utd,31-179,1989,6.1,1.31,0.66,0.66,0.33,0.33,0.33,1.80,18.2,1.48,10.2,2.62,25.8,4.92,3.44,1.80,2.13,0.16,0.00,1.97,1.31,2.62,2.79,0.00,Matches
380,Tyler Roberts\Tyler-Roberts,wal WAL,MFFW,Leeds United,22-055,1999,6.7,1.04,0.45,0.30,0.75,0.00,0.00,1.04,0.0,1.04,17.3,4.48,25.9,2.39,9.10,5.82,1.94,0.45,0.00,1.49,0.30,1.34,0.45,0.00,Matches
381,Andrew Robertson\Andrew-Robertson,sco SCO,DF,Liverpool,26-362,1994,27.9,1.08,0.57,0.65,0.32,0.11,0.57,1.29,44.4,0.72,8.03,2.94,36.6,2.65,2.76,2.62,1.61,0.32,0.04,1.29,0.79,1.86,1.94,0.04,Matches
382,Antonee Robinson\Antonee-Robinson,us USA,DF,Fulham,23-212,1997,18.9,1.90,1.06,1.06,0.53,0.32,0.74,1.53,48.3,0.79,9.21,3.28,35.6,4.55,2.54,2.12,2.38,0.26,0.00,2.12,1.80,3.70,3.65,0.00,Matches
383,Callum Robinson\Callum-Robinson,ie IRL,FWMF,West Brom,26-034,1995,13.2,0.83,0.38,0.53,0.15,0.15,0.23,1.06,21.4,0.83,14.8,3.41,23.1,2.20,5.76,6.82,0.91,0.00,0.00,0.91,0.61,1.44,0.61,0.00,Matches
384,Jack Robinson\Jack-Robinson,eng ENG,DF,Sheffield Utd,27-188,1993,6.7,1.79,1.19,1.04,0.75,0.00,0.75,0.75,100.0,0.00,8.21,3.13,38.2,4.48,2.69,1.04,1.34,0.60,0.00,0.75,0.90,2.69,4.78,0.00,Matches
385,Hal Robson-Kanu\Hal-Robson-Kanu,wal WAL,FWMF,West Brom,31-291,1989,2.8,0.71,0.71,0.36,0.36,0.00,0.00,0.00,,0.00,15.7,2.50,15.9,1.43,7.86,6.43,1.07,0.00,0.00,1.07,0.36,1.07,1.07,0.00,Matches
386,Marek Rodák\Marek-Rodak,sk SVK,GK,Fulham,24-085,1996,1.0,0.00,0.00,0.00,0.00,0.00,0.00,1.00,0.0,1.00,2.00,0.00,0.0,2.00,0.00,0.00,0.00,0.00,0.00,0.00,0.00,0.00,0.00,0.00,Matches
387,Joe Rodon\Joe-Rodon,wal WAL,DF,Tottenham,23-137,1997,4.1,2.44,1.71,1.95,0.49,0.00,0.98,0.98,100.0,0.00,9.02,2.68,29.7,6.83,2.20,0.00,1.22,0.49,0.00,0.73,1.46,3.90,6.34,0.49,Matches
388,Rodri\Rodri,es ESP,MF,Manchester City,24-259,1996,23.1,2.77,2.25,1.08,1.21,0.48,1.17,2.55,45.8,1.39,15.3,5.89,38.5,5.15,8.01,2.12,1.39,0.30,0.00,1.08,0.82,3.59,1.99,0.04,Matches
389,Rodrigo\Rodrigo,es ESP,MF,Leeds United,30-002,1991,11.0,1.27,0.91,0.82,0.27,0.18,0.09,1.82,5.0,1.73,16.6,4.27,25.7,3.36,8.18,5.09,0.82,0.00,0.00,0.82,0.45,1.73,0.64,0.00,Matches
390,James Rodríguez\James-Rodriguez,co COL,FWMF,Everton,29-239,1991,14.9,1.14,0.81,0.27,0.67,0.20,0.47,2.28,20.6,1.81,11.8,3.02,25.6,3.56,5.50,2.75,1.54,0.00,0.00,1.54,0.81,1.95,0.07,0.00,Matches
391,Jay Rodriguez\Jay-Rodriguez,eng ENG,FWMF,Burnley,31-222,1989,12.4,2.26,1.13,0.65,0.89,0.73,0.48,1.45,33.3,0.97,21.0,4.44,21.1,3.15,9.27,8.63,1.85,0.32,0.00,1.53,0.32,2.58,0.48,0.00,Matches
392,Oriol Romeu\Oriol-Romeu,es ESP,MF,Southampton,29-165,1991,19.2,3.54,1.82,1.41,1.93,0.21,1.15,3.33,34.4,2.19,17.7,5.36,30.4,6.56,9.84,1.25,1.67,0.31,0.00,1.35,1.30,4.84,0.99,0.00,Matches
393,Antonio Rüdiger\Antonio-Rudiger,de GER,DF,Chelsea,28-005,1993,12.0,1.50,0.75,0.92,0.50,0.08,0.75,1.00,75.0,0.25,6.58,2.92,44.3,3.67,2.58,0.33,1.08,0.75,0.00,0.33,0.75,2.25,4.25,0.00,Matches
394,Mathew Ryan\Mathew-Ryan,au AUS,GK,Arsenal,28-334,1992,1.0,0.00,0.00,0.00,0.00,0.00,0.00,0.00,,0.00,0.00,0.00,,0.00,0.00,0.00,0.00,0.00,0.00,0.00,0.00,0.00,0.00,0.00,Matches
395,Mathew Ryan\Mathew-Ryan,au AUS,GK,Brighton,28-334,1992,11.0,0.00,0.00,0.00,0.00,0.00,0.00,0.00,,0.00,0.18,0.00,0.0,0.18,0.00,0.00,0.00,0.00,0.00,0.00,0.00,0.00,0.09,0.00,Matches
396,Allan Saint-Maximin\Allan-Saint-Maximin,fr FRA,FWMF,Newcastle Utd,23-361,1997,10.6,1.23,0.85,0.47,0.66,0.09,0.09,0.38,25.0,0.28,11.1,3.02,27.1,1.89,5.94,3.30,0.75,0.09,0.00,0.66,0.66,1.89,0.00,0.00,Matches
397,Romain Saïss\Romain-Saiss,ma MAR,DF,Wolves,30-347,1990,18.7,1.18,0.70,0.91,0.27,0.00,0.32,0.91,35.3,0.59,9.09,3.10,34.1,6.04,2.78,0.27,1.82,0.64,0.11,1.18,0.96,2.14,5.67,0.05,Matches
398,Bukayo Saka\Bukayo-Saka,eng ENG,FWDF,Arsenal,19-184,2001,21.7,1.15,0.69,0.41,0.55,0.18,0.14,1.06,13.0,0.92,13.0,3.92,30.0,3.23,5.71,4.10,1.57,0.09,0.00,1.47,0.78,1.94,0.97,0.00,Matches
399,Mamadou Sakho\Mamadou-Sakho,fr FRA,DF,Crystal Palace,31-023,1990,3.1,1.29,0.65,0.32,0.97,0.00,0.97,0.97,100.0,0.00,4.52,1.94,42.9,2.58,1.94,0.00,0.97,0.65,0.00,0.32,0.00,1.29,4.52,0.32,Matches
400,Mohamed Salah\Mohamed-Salah,eg EGY,FW,Liverpool,28-266,1992,25.0,0.88,0.40,0.20,0.24,0.44,0.24,0.48,50.0,0.24,13.4,3.96,29.6,0.84,3.84,8.68,0.32,0.04,0.00,0.28,0.24,1.12,0.28,0.04,Matches
401,Mohammed Salisu\Mohammed-Salisu,gh GHA,DF,Southampton,21-325,1999,2.9,2.76,1.03,2.41,0.00,0.34,0.69,2.41,28.6,1.72,14.5,6.55,45.2,6.55,7.59,0.34,1.72,0.34,0.00,1.38,4.83,7.59,2.41,0.00,Matches
402,Davinson Sánchez\Davinson-Sanchez,co COL,DF,Tottenham,24-269,1996,12.5,2.40,1.44,1.76,0.64,0.00,0.96,1.84,52.2,0.88,9.28,2.80,30.2,5.84,2.96,0.48,1.12,0.72,0.00,0.40,0.88,3.28,6.64,0.00,Matches
403,Robert Sánchez\Robert-Sanchez,es ESP,GK,Brighton,23-110,1997,16.0,0.00,0.00,0.00,0.00,0.00,0.00,0.00,,0.00,0.06,0.00,0.0,0.06,0.00,0.00,0.00,0.00,0.00,0.00,0.00,0.00,0.00,0.00,Matches
404,Morgan Sanson\Morgan-Sanson,fr FRA,MF,Aston Villa,26-202,1994,1.5,1.33,0.67,1.33,0.00,0.00,0.00,1.33,0.0,1.33,29.3,9.33,31.8,7.33,13.3,8.67,1.33,0.00,0.00,1.33,1.33,2.67,0.67,0.00,Matches
405,Romaine Sawyers\Romaine-Sawyers,kn SKN,MF,West Brom,29-126,1991,16.5,1.88,1.15,1.27,0.55,0.06,0.61,2.18,27.8,1.58,20.1,4.85,24.2,9.94,8.67,1.45,1.09,0.12,0.00,0.97,1.27,3.15,0.91,0.06,Matches
406,Dane Scarlett\Dane-Scarlett,eng ENG,FW,Tottenham,16-349,2004,0.0,0,0,0,0,0,0,0,,0,1,1,100.0,0,1,0,0,0,0,0,0,0,0,0,Matches
407,Fabian Schär\Fabian-Schar,ch SUI,DF,Newcastle Utd,29-078,1991,13.4,1.34,0.67,1.04,0.30,0.00,0.52,1.64,31.8,1.12,7.91,2.31,29.2,4.63,2.99,0.30,1.64,0.97,0.00,0.67,1.49,2.84,4.48,0.07,Matches
408,Jeffrey Schlupp\Jeffrey-Schlupp,gh GHA,MF,Crystal Palace,28-075,1992,11.2,1.61,0.71,0.80,0.63,0.18,0.54,1.61,33.3,1.07,13.9,3.57,25.6,5.36,6.43,2.14,2.50,0.63,0.00,1.88,0.98,2.59,0.54,0.09,Matches
409,Kasper Schmeichel\Kasper-Schmeichel,dk DEN,GK,Leicester City,34-123,1986,28.0,0.00,0.00,0.00,0.00,0.00,0.00,0.00,,0.00,0.11,0.00,0.0,0.11,0.00,0.00,0.00,0.00,0.00,0.00,0.00,0.00,0.00,0.00,Matches
410,Nélson Semedo\Nelson-Semedo,pt POR,DF,Wolves,27-112,1993,24.6,2.44,1.46,1.59,0.57,0.28,1.10,2.03,54.0,0.93,16.2,4.47,27.6,8.05,5.37,2.76,1.99,0.45,0.00,1.54,1.38,3.82,2.24,0.00,Matches
411,Jamie Shackleton\Jamie-Shackleton,eng ENG,MFDF,Leeds United,21-151,1999,5.1,1.57,0.98,0.78,0.78,0.00,0.20,1.57,12.5,1.37,14.9,3.53,23.7,4.31,7.25,3.33,1.37,0.20,0.00,1.18,1.18,2.75,0.98,0.00,Matches
412,Xherdan Shaqiri\Xherdan-Shaqiri,ch SUI,MFFW,Liverpool,29-149,1991,5.8,1.03,0.69,0.69,0.17,0.17,0.34,1.03,33.3,0.69,15.2,5.34,35.2,2.93,5.69,6.55,1.21,0.00,0.00,1.21,0.69,1.72,0.34,0.00,Matches
413,Billy Sharp\Billy-Sharp,eng ENG,FW,Sheffield Utd,35-031,1986,7.2,0.97,0.69,0.00,0.69,0.28,0.42,1.39,30.0,0.97,18.2,4.44,24.4,1.67,7.64,8.89,0.28,0.00,0.00,0.28,0.28,1.25,0.14,0.00,Matches
414,Luke Shaw\Luke-Shaw,eng ENG,DF,Manchester Utd,25-239,1995,21.5,2.33,1.58,1.02,0.88,0.42,0.93,1.58,58.8,0.65,12.0,4.74,39.4,4.05,5.26,2.74,1.95,0.28,0.00,1.67,0.74,3.07,2.23,0.05,Matches
415,Jonjo Shelvey\Jonjo-Shelvey,eng ENG,MF,Newcastle Utd,29-009,1992,18.1,1.71,0.94,0.99,0.66,0.06,0.50,1.60,31.0,1.10,12.7,2.32,18.3,4.70,5.69,2.27,0.88,0.39,0.06,0.50,0.94,2.65,1.77,0.00,Matches
416,Shola Shoretire\Shola-Shoretire,eng ENG,FW,Manchester Utd,17-034,2004,0.0,0,0,0,0,0,0,0,,0,3,0,0.0,0,3,0,0,0,0,0,0,0,0,0,Matches
417,Gylfi Sigurðsson\Gylfi-Sigurdsson,is ISL,MF,Everton,31-181,1989,15.9,1.38,0.75,0.38,0.75,0.25,0.44,1.76,25.0,1.32,18.7,4.91,26.3,4.78,9.75,4.15,2.45,0.25,0.00,2.20,1.01,2.39,0.57,0.00,Matches
418,Bernardo Silva\Bernardo-Silva,pt POR,MFFW,Manchester City,26-210,1994,17.4,1.21,0.69,0.52,0.46,0.23,0.29,1.84,15.6,1.55,15.9,4.31,27.1,3.05,7.99,4.89,0.75,0.06,0.00,0.69,0.80,2.01,0.34,0.00,Matches
419,Fábio Silva\Fabio-Silva,pt POR,FW,Wolves,18-232,2002,8.9,0.56,0.22,0.11,0.45,0.00,0.11,0.56,20.0,0.45,15.4,3.26,21.2,1.91,8.65,4.83,1.01,0.11,0.00,0.90,0.45,1.01,0.22,0.00,Matches
420,Thiago Silva\Thiago-Silva,br BRA,DF,Chelsea,36-167,1984,16.2,1.23,0.74,0.86,0.31,0.06,0.56,0.86,64.3,0.31,4.57,1.85,40.5,1.91,2.41,0.25,1.23,0.68,0.06,0.56,0.93,2.16,4.94,0.06,Matches
421,Moussa Sissoko\Moussa-Sissoko,fr FRA,MF,Tottenham,31-204,1989,15.8,1.46,1.14,1.20,0.19,0.06,0.44,1.33,33.3,0.89,12.9,3.92,30.4,7.41,4.30,1.20,1.46,0.25,0.00,1.20,1.01,2.47,1.96,0.00,Matches
422,Islam Slimani\Islam-Slimani,dz ALG,FW,Leicester City,32-263,1988,0.2,0.00,0.00,0.00,0.00,0.00,0.00,0.00,,0.00,25.0,10.0,40.0,0.00,15.0,10.0,0.00,0.00,0.00,0.00,0.00,0.00,0.00,0.00,Matches
423,William Smallbone\William-Smallbone,ie IRL,MF,Southampton,21-015,2000,1.9,3.16,2.11,1.05,1.58,0.53,0.53,2.11,25.0,1.58,22.6,9.47,41.9,4.74,11.1,6.84,2.63,0.00,0.00,2.63,0.53,3.68,1.05,0.00,Matches
424,Emile Smith-Rowe\Emile-Smith-Rowe,eng ENG,MFFW,Arsenal,20-223,2000,9.5,0.95,0.63,0.42,0.42,0.11,0.53,1.26,41.7,0.74,16.9,4.63,27.3,3.68,7.16,6.11,1.05,0.11,0.00,0.95,0.84,1.79,0.84,0.00,Matches
425,Robert Snodgrass\Robert-Snodgrass,sco SCO,FWDF,West Ham,33-182,1987,0.1,10.0,10.0,0.00,0.00,10.0,0.00,0.00,,0.00,0.00,0.00,,0.00,0.00,0.00,0.00,0.00,0.00,0.00,0.00,10.0,0.00,0.00,Matches
426,Robert Snodgrass\Robert-Snodgrass,sco SCO,MFFW,West Brom,33-182,1987,5.6,3.57,2.14,2.32,0.89,0.36,1.43,3.04,47.1,1.61,14.8,4.46,30.1,5.89,5.71,3.21,2.32,0.54,0.00,1.79,0.71,4.29,1.96,0.00,Matches
427,Cédric Soares\Cedric-Soares,pt POR,DF,Arsenal,29-189,1991,6.8,2.06,1.32,1.32,0.44,0.29,0.88,3.09,28.6,2.21,13.5,4.56,33.7,6.47,4.26,2.79,1.62,0.29,0.00,1.32,1.18,3.24,2.50,0.00,Matches
428,Tomáš Souček\Tomas-Soucek,cz CZE,MF,West Ham,26-009,1995,26.0,2.08,1.19,0.96,0.92,0.19,0.58,2.15,26.8,1.58,14.8,3.96,26.8,5.08,7.54,2.19,1.31,0.38,0.00,0.92,1.38,3.46,3.69,0.04,Matches
429,Çağlar Söyüncü\Caglar-Soyuncu,tr TUR,DF,Leicester City,24-289,1996,12.2,1.31,0.90,0.74,0.57,0.00,0.25,0.98,25.0,0.74,7.87,2.62,33.3,4.75,2.87,0.25,1.31,0.66,0.00,0.66,1.15,2.46,6.07,0.08,Matches
430,Zack Steffen\Zack-Steffen,us USA,GK,Manchester City,25-340,1995,1.0,0.00,0.00,0.00,0.00,0.00,0.00,0.00,,0.00,0.00,0.00,,0.00,0.00,0.00,0.00,0.00,0.00,0.00,0.00,0.00,0.00,0.00,Matches
431,Dale Stephens\Dale-Stephens,eng ENG,MF,Burnley,31-269,1989,2.9,3.45,1.38,1.03,1.72,0.69,1.72,2.76,62.5,1.03,16.6,5.17,31.3,5.17,9.31,2.07,1.03,0.00,0.00,1.03,1.03,4.48,0.00,0.00,Matches
432,Jack Stephens\Jack-Stephens,eng ENG,DF,Southampton,27-040,1994,11.4,2.19,1.05,1.32,0.79,0.09,0.96,2.19,44.0,1.23,8.33,2.72,32.6,4.74,3.16,0.44,2.19,0.79,0.00,1.40,1.14,3.33,5.61,0.00,Matches
433,Raheem Sterling\Raheem-Sterling,eng ENG,FW,Manchester City,26-090,1994,22.9,0.83,0.74,0.13,0.57,0.13,0.26,0.83,31.6,0.57,10.0,2.93,29.1,1.22,4.67,4.15,0.66,0.04,0.00,0.61,0.52,1.35,0.09,0.00,Matches
434,Enda Stevens\Enda-Stevens,ie IRL,DF,Sheffield Utd,30-242,1990,20.0,1.70,0.90,0.95,0.55,0.20,0.55,1.75,31.4,1.20,13.1,3.10,23.8,6.55,4.25,2.25,2.20,0.30,0.00,1.90,1.30,3.00,3.15,0.10,Matches
435,John Stones\John-Stones,eng ENG,DF,Manchester City,26-284,1994,17.0,0.82,0.41,0.59,0.12,0.12,0.24,0.53,44.4,0.29,5.47,2.06,37.6,2.65,2.41,0.41,1.65,0.76,0.00,0.88,0.71,1.53,3.18,0.00,Matches
436,Pascal Struijk\Pascal-Struijk,nl NED,DFMF,Leeds United,21-209,1999,14.8,2.23,1.08,1.42,0.81,0.00,0.47,1.28,36.8,0.81,16.1,5.41,33.6,7.91,7.23,0.95,1.89,0.68,0.00,1.22,1.62,3.85,3.78,0.00,Matches
437,Japhet Tanganga\Japhet-Tanganga,eng ENG,DF,Tottenham,21-342,1999,1.5,0.67,0.67,0.67,0.00,0.00,0.00,0.00,,0.00,15.3,6.00,39.1,10.0,3.33,2.00,2.00,0.00,0.00,2.00,0.67,1.33,2.00,0.00,Matches
438,Matt Targett\Matt-Targett,eng ENG,DF,Aston Villa,25-171,1995,25.8,2.52,1.40,1.47,0.66,0.39,1.47,2.56,57.6,1.09,9.84,3.14,31.9,5.16,3.14,1.55,2.09,0.47,0.00,1.63,1.16,3.68,3.29,0.04,Matches
439,James Tarkowski\James-Tarkowski,eng ENG,DF,Burnley,28-109,1992,26.0,2.00,1.04,1.77,0.19,0.04,0.96,1.42,67.6,0.46,6.23,2.58,41.4,4.23,1.77,0.23,1.81,1.08,0.00,0.73,1.38,3.38,6.12,0.04,Matches
440,Percy Tau\Percy-Tau,za RSA,FWMF,Brighton,26-299,1994,0.9,1.11,0.00,1.11,0.00,0.00,1.11,2.22,50.0,1.11,25.6,2.22,8.7,8.89,10.0,6.67,2.22,0.00,0.00,2.22,0.00,1.11,0.00,0.00,Matches
441,Sidnei Tavares\Sidnei-Tavares,pt POR,MF,Leicester City,19-160,2001,0.9,0.00,0.00,0.00,0.00,0.00,0.00,0.00,,0.00,16.7,5.56,33.3,8.89,6.67,1.11,1.11,1.11,0.00,0.00,1.11,1.11,0.00,0.00,Matches
442,Charlie Taylor\Charlie-Taylor,eng ENG,DF,Burnley,27-171,1993,19.3,1.61,0.88,0.88,0.47,0.26,0.93,1.97,47.4,1.04,8.24,2.33,28.3,3.37,3.47,1.40,2.12,0.57,0.00,1.55,0.67,2.28,3.11,0.00,Matches
443,Neil Taylor\Neil-Taylor,wal WAL,DF,Aston Villa,32-029,1989,0.2,5.00,0.00,5.00,0.00,0.00,0.00,0.00,,0.00,20.0,0.00,0.0,15.0,0.00,5.00,0.00,0.00,0.00,0.00,0.00,5.00,0.00,0.00,Matches
444,Allan Tchaptchet\Allan-Tchaptchet,fr FRA,DF,Southampton,19-077,2001,0.1,0.00,0.00,0.00,0.00,0.00,0.00,0.00,,0.00,10.0,0.00,0.0,10.0,0.00,0.00,0.00,0.00,0.00,0.00,0.00,0.00,0.00,0.00,Matches
445,Nathan Tella\Nathan-Tella,eng ENG,FWMF,Southampton,21-246,1999,3.7,1.08,0.54,0.27,0.27,0.54,0.81,1.62,50.0,0.81,25.9,6.76,26.0,2.97,13.0,10.0,1.89,0.00,0.00,1.89,0.54,1.62,0.54,0.00,Matches
446,Alex Telles\Alex-Telles,br BRA,DF,Manchester Utd,28-083,1992,5.7,1.40,0.70,1.23,0.18,0.00,0.53,1.23,42.9,0.70,8.25,2.63,31.9,4.21,2.63,1.40,1.40,0.00,0.00,1.40,1.05,2.46,2.98,0.00,Matches
447,Kenny Tete\Kenny-Tete,nl NED,DF,Fulham,25-150,1995,10.6,3.40,1.70,1.79,1.13,0.47,0.66,1.60,41.2,0.94,15.1,3.77,25.0,7.55,5.09,2.45,2.17,0.28,0.00,1.89,1.60,5.00,4.15,0.00,Matches
448,Luke Thomas\Luke-Thomas,eng ENG,DF,Leicester City,19-271,2001,4.5,2.00,0.44,0.67,0.22,1.11,1.11,1.78,62.5,0.67,19.1,6.00,31.4,8.67,7.56,2.89,3.33,0.67,0.00,2.67,1.11,3.11,3.33,0.00,Matches
449,Youri Tielemans\Youri-Tielemans,be BEL,MF,Leicester City,23-305,1997,27.3,1.90,1.39,0.73,0.81,0.37,0.62,2.60,23.9,1.98,13.8,4.54,32.8,4.18,6.96,2.71,1.54,0.29,0.00,1.25,0.84,2.75,0.62,0.00,Matches
450,Kieran Tierney\Kieran-Tierney,sco SCO,DF,Arsenal,23-276,1997,19.9,1.01,0.60,0.35,0.45,0.20,0.30,0.95,31.6,0.65,6.78,2.16,31.9,2.61,2.86,1.31,1.76,0.40,0.00,1.36,0.60,1.61,3.02,0.00,Matches
451,James Tomkins\James-Tomkins,eng ENG,DF,Crystal Palace,31-344,1989,4.3,0.70,0.47,0.70,0.00,0.00,0.70,0.93,75.0,0.23,5.58,1.40,25.0,4.88,0.70,0.00,0.93,0.23,0.00,0.70,0.47,1.16,7.67,0.00,Matches
452,Fikayo Tomori\Fikayo-Tomori,eng ENG,DF,Chelsea,23-079,1997,0.5,6.00,4.00,2.00,4.00,0.00,4.00,4.00,100.0,0.00,6.00,2.00,33.3,6.00,0.00,0.00,8.00,6.00,0.00,2.00,2.00,8.00,16.0,0.00,Matches
453,Ferrán Torres\Ferran-Torres,es ESP,FW,Manchester City,21-007,2000,8.9,0.67,0.22,0.11,0.34,0.22,0.45,1.12,40.0,0.67,11.8,3.71,31.4,1.35,5.06,5.39,0.67,0.11,0.00,0.56,0.45,1.12,0.11,0.00,Matches
454,Cenk Tosun\Cenk-Tosun,tr TUR,FW,Everton,29-274,1991,0.5,0.00,0.00,0.00,0.00,0.00,0.00,0.00,,0.00,16.0,2.00,12.5,4.00,8.00,4.00,0.00,0.00,0.00,0.00,0.00,0.00,0.00,0.00,Matches
455,Andros Townsend\Andros-Townsend,eng ENG,MFFW,Crystal Palace,29-235,1991,20.0,2.70,1.40,1.55,0.80,0.35,0.95,3.80,25.0,2.85,20.8,5.20,25.1,9.55,8.15,3.05,2.30,0.05,0.00,2.25,1.95,4.65,0.60,0.00,Matches
456,Conor Townsend\Conor-Townsend,eng ENG,DF,West Brom,28-004,1993,14.8,1.89,1.08,1.22,0.61,0.07,0.88,1.69,52.0,0.81,10.2,2.77,27.2,4.80,4.12,1.28,1.49,0.47,0.14,1.01,1.82,3.72,2.43,0.00,Matches
457,Adama Traoré\Adama-Traore,es ESP,FWDF,Wolves,25-042,1996,20.8,1.15,0.77,0.53,0.48,0.14,0.34,0.67,50.0,0.34,11.0,3.32,30.3,2.93,5.91,2.12,0.87,0.00,0.00,0.87,0.43,1.59,0.58,0.00,Matches
458,Bertrand Traoré\Bertrand-Traore,bf BFA,FW,Aston Villa,25-183,1995,16.1,0.99,0.37,0.37,0.25,0.37,0.37,1.68,22.2,1.30,13.9,2.55,18.4,3.91,6.02,3.91,0.75,0.00,0.00,0.75,1.24,2.24,0.87,0.00,Matches
459,Trézéguet\Trezeguet,eg EGY,FW,Aston Villa,26-158,1994,10.1,2.67,1.49,1.29,0.99,0.40,0.99,2.87,34.5,1.88,22.4,4.75,21.2,6.93,9.31,6.14,2.38,0.10,0.00,2.28,0.99,3.66,1.49,0.00,Matches
460,Leandro Trossard\Leandro-Trossard,be BEL,FWMF,Brighton,26-094,1994,20.3,1.08,0.79,0.25,0.64,0.20,0.25,1.28,19.2,1.03,13.5,4.38,32.4,3.65,5.22,4.68,1.33,0.15,0.00,1.18,0.59,1.67,0.20,0.00,Matches
461,Kostas Tsimikas\Kostas-Tsimikas,gr GRE,DF,Liverpool,24-300,1996,0.1,0.00,0.00,0.00,0.00,0.00,0.00,0.00,,0.00,40.0,30.0,75.0,0.00,20.0,20.0,0.00,0.00,0.00,0.00,0.00,0.00,0.00,0.00,Matches
462,Axel Tuanzebe\Axel-Tuanzebe,eng ENG,DF,Manchester Utd,23-114,1997,1.5,3.33,1.33,1.33,2.00,0.00,1.33,2.67,50.0,1.33,16.0,4.00,25.0,9.33,6.00,0.67,4.00,2.00,0.00,2.00,0.00,3.33,2.67,0.00,Matches
463,Cengiz Ünder\Cengiz-Under,tr TUR,MFFW,Leicester City,23-237,1997,3.1,0.97,0.97,0.00,0.65,0.32,0.32,1.61,20.0,1.29,14.2,4.84,34.1,3.55,5.81,4.84,1.61,0.00,0.00,1.61,0.97,1.94,0.00,0.00,Matches
464,Yan Valery\Yan-Valery,fr FRA,DFMF,Southampton,22-014,1999,1.1,2.73,1.82,0.91,1.82,0.00,0.00,3.64,0.0,3.64,29.1,8.18,28.1,11.8,10.0,7.27,4.55,0.00,0.00,4.55,2.73,5.45,4.55,0.00,Matches
465,Jamie Vardy\Jamie-Vardy,eng ENG,FW,Leicester City,34-056,1987,21.7,0.46,0.18,0.09,0.14,0.23,0.14,0.60,23.1,0.46,9.68,2.26,23.3,0.41,3.55,5.71,0.51,0.18,0.00,0.32,0.23,0.69,1.11,0.00,Matches
466,Joël Veltman\Joel-Veltman,nl NED,DF,Brighton,29-052,1992,18.3,2.95,1.58,1.80,0.82,0.33,1.26,2.57,48.9,1.31,12.4,3.83,30.8,5.85,4.59,1.97,1.69,0.22,0.00,1.48,1.31,4.26,3.33,0.00,Matches
467,Jannik Vestergaard\Jannik-Vestergaard,dk DEN,DF,Southampton,28-217,1992,18.5,1.73,1.30,1.08,0.49,0.16,0.86,1.68,51.6,0.81,6.92,3.08,44.5,4.54,2.05,0.32,1.46,0.76,0.00,0.70,1.14,2.86,5.03,0.00,Matches
468,Rúben Vinagre\Ruben-Vinagre,pt POR,DF,Wolves,21-333,1999,1.9,2.63,1.58,1.58,1.05,0.00,1.05,2.63,40.0,1.58,13.7,2.63,19.2,6.84,4.74,2.11,2.11,0.00,0.00,2.11,0.53,3.16,3.16,0.00,Matches
469,Carlos Vinícius\Carlos-Vinicius,br BRA,FW,Tottenham,25-348,1995,1.9,1.05,0.53,0.53,0.00,0.53,0.53,0.53,100.0,0.00,15.3,4.74,31.0,0.53,7.37,7.37,0.00,0.00,0.00,0.00,0.00,1.05,1.05,0.00,Matches
470,Vitinha\Vitinha,pt POR,MF,Wolves,21-023,2000,2.6,2.31,1.54,0.77,1.15,0.38,0.00,1.92,0.0,1.92,21.9,6.15,28.1,6.54,12.3,3.08,0.00,0.00,0.00,0.00,0.00,2.31,0.38,0.00,Matches
471,Jake Vokins\Jake-Vokins,eng ENG,DF,Southampton,20-356,2000,0.7,0.00,0.00,0.00,0.00,0.00,0.00,1.43,0.0,1.43,14.3,2.86,20.0,8.57,5.71,0.00,0.00,0.00,0.00,0.00,0.00,0.00,1.43,0.00,Matches
472,Matěj Vydra\Matej-Vydra,cz CZE,FW,Burnley,28-311,1992,8.9,0.45,0.22,0.11,0.11,0.22,0.00,0.45,0.0,0.45,19.1,5.73,30.0,0.56,7.87,10.7,1.35,0.11,0.00,1.24,0.34,0.79,0.11,0.00,Matches
473,Theo Walcott\Theo-Walcott,eng ENG,FW,Everton,31-357,1989,0.1,0.00,0.00,0.00,0.00,0.00,0.00,0.00,,0.00,50.0,10.0,20.0,30.0,20.0,0.00,0.00,0.00,0.00,0.00,0.00,0.00,0.00,0.00,Matches
474,Theo Walcott\Theo-Walcott,eng ENG,MFFW,Southampton,31-357,1989,13.7,1.82,1.17,0.80,0.66,0.36,0.80,2.70,29.7,1.90,18.9,5.62,29.7,5.33,7.88,5.69,1.31,0.07,0.00,1.24,0.44,2.26,0.22,0.00,Matches
475,Kyle Walker\Kyle-Walker,eng ENG,DF,Manchester City,30-284,1990,16.6,1.93,1.45,0.96,0.78,0.18,0.96,1.69,57.1,0.72,11.0,3.61,33.0,3.80,5.36,1.81,1.27,0.18,0.00,1.08,0.72,2.65,1.39,0.00,Matches
476,Kyle Walker-Peters\Kyle-Walker-Peters,eng ENG,DF,Southampton,23-329,1997,19.8,2.98,1.72,2.02,0.86,0.10,0.86,1.82,47.2,0.96,13.6,4.39,32.2,7.07,5.20,1.36,2.47,0.61,0.00,1.87,1.31,4.29,2.07,0.05,Matches
477,Aaron Wan-Bissaka\Aaron-Wan-Bissaka,eng ENG,DF,Manchester Utd,23-102,1997,26.0,3.19,1.69,1.81,1.15,0.23,0.62,1.27,48.5,0.65,12.7,4.12,32.5,5.65,5.31,1.69,3.58,0.42,0.00,3.15,1.54,4.73,2.85,0.00,Matches
478,Joel Ward\Joel-Ward,eng ENG,DF,Crystal Palace,31-130,1989,15.1,1.92,1.19,1.39,0.53,0.00,0.86,1.32,65.0,0.46,13.9,4.04,29.0,7.62,4.30,1.99,2.32,0.60,0.00,1.72,1.85,3.77,4.57,0.07,Matches
479,James Ward-Prowse\James-Ward-Prowse,eng ENG,MF,Southampton,26-127,1994,27.0,2.26,1.56,1.04,1.00,0.22,0.81,1.93,42.3,1.11,14.3,4.59,32.2,4.74,7.56,1.96,1.89,0.15,0.00,1.74,1.30,3.56,1.89,0.00,Matches
480,Ollie Watkins\Ollie-Watkins,eng ENG,FW,Aston Villa,25-068,1995,26.0,1.15,0.73,0.19,0.62,0.35,0.35,0.81,42.9,0.46,15.4,4.88,31.7,0.73,6.46,8.23,0.58,0.04,0.00,0.54,0.35,1.50,0.58,0.00,Matches
481,Caleb Watts\Caleb-Watts,au AUS,MFFW,Southampton,19-051,2002,0.2,10.0,5.00,10.0,0.00,0.00,10.0,20.0,50.0,10.0,60.0,25.0,41.7,40.0,15.0,5.00,15.0,0.00,0.00,15.0,0.00,10.0,0.00,0.00,Matches
482,Adam Webster\Adam-Webster,eng ENG,DF,Brighton,26-063,1995,21.8,1.06,0.64,0.69,0.28,0.09,0.60,1.10,54.2,0.50,6.79,2.71,39.9,2.94,2.94,0.92,1.47,0.69,0.05,0.78,1.19,2.25,3.94,0.00,Matches
483,Danny Welbeck\Danny-Welbeck,eng ENG,FW,Brighton,30-102,1990,8.3,0.84,0.48,0.12,0.36,0.36,0.24,0.84,28.6,0.60,13.5,3.37,25.0,1.93,5.54,6.02,1.20,0.36,0.00,0.84,0.24,1.08,0.84,0.00,Matches
484,Timo Werner\Timo-Werner,de GER,FW,Chelsea,25-002,1996,21.5,1.02,0.60,0.33,0.51,0.19,0.37,1.53,24.2,1.16,12.7,3.77,29.8,2.65,4.84,5.16,0.88,0.00,0.00,0.88,0.23,1.26,0.14,0.00,Matches
485,Ashley Westwood\Ashley-Westwood,eng ENG,MF,Burnley,30-341,1990,27.9,0.75,0.39,0.29,0.36,0.11,0.18,0.93,19.2,0.75,11.6,3.23,27.9,3.55,6.42,1.61,1.25,0.25,0.00,1.00,1.04,1.79,1.25,0.00,Matches
486,Ben White\Ben-White,eng ENG,DFMF,Brighton,23-151,1997,25.5,1.65,0.94,0.78,0.71,0.16,0.71,2.08,34.0,1.37,11.4,3.84,33.7,5.29,5.18,0.94,1.80,0.63,0.00,1.18,0.90,2.55,2.16,0.00,Matches
487,Georginio Wijnaldum\Georginio-Wijnaldum,nl NED,MF,Liverpool,30-117,1990,25.3,1.03,0.79,0.28,0.55,0.20,0.36,1.11,32.1,0.75,11.5,4.27,37.0,3.48,5.49,2.57,1.19,0.12,0.00,1.07,0.47,1.50,0.67,0.04,Matches
488,Brandon Williams\Brandon-Williams,eng ENG,DF,Manchester Utd,20-186,2000,0.1,10.0,10.0,0.00,10.0,0.00,0.00,0.00,,0.00,40.0,20.0,50.0,0.00,30.0,10.0,0.00,0.00,0.00,0.00,10.0,20.0,0.00,0.00,Matches
489,Neco Williams\Neco-Williams,wal WAL,DF,Liverpool,19-329,2001,2.8,2.14,1.79,1.43,0.71,0.00,1.07,2.86,37.5,1.79,15.0,3.93,26.2,6.07,5.71,3.21,2.86,0.36,0.00,2.50,1.79,3.93,1.43,0.00,Matches
490,Rhys Williams\Rhys-Williams,eng ENG,DF,Liverpool,20-033,2001,2.3,0.87,0.87,0.00,0.87,0.00,0.00,0.00,,0.00,4.78,1.30,27.3,2.17,1.74,0.87,0.00,0.00,0.00,0.00,0.43,1.30,9.57,0.43,Matches
491,Willian\Willian,br BRA,FWMF,Arsenal,32-211,1988,13.1,1.15,0.46,0.61,0.46,0.08,0.46,1.76,26.1,1.30,13.4,3.59,26.9,3.05,5.19,5.11,1.68,0.00,0.00,1.68,0.76,1.91,0.23,0.00,Matches
492,Joe Willock\Joe-Willock,eng ENG,MF,Arsenal,21-200,1999,2.6,1.54,1.54,0.77,0.38,0.38,0.00,2.69,0.0,2.69,16.2,5.77,35.7,5.38,6.15,4.62,3.46,0.38,0.00,3.08,1.92,3.46,0.00,0.00,Matches
493,Joe Willock\Joe-Willock,eng ENG,MF,Newcastle Utd,21-200,1999,4.9,2.86,2.04,2.04,0.61,0.20,1.22,5.92,20.7,4.69,34.7,7.14,20.6,12.9,13.7,8.16,2.86,0.20,0.00,2.65,3.47,6.33,1.84,0.00,Matches
494,Callum Wilson\Callum-Wilson,eng ENG,FW,Newcastle Utd,29-009,1992,20.1,0.55,0.40,0.10,0.25,0.20,0.15,0.50,30.0,0.35,13.7,4.03,29.3,1.09,5.37,7.26,0.85,0.15,0.00,0.70,0.10,0.65,0.50,0.05,Matches
495,Harry Winks\Harry-Winks,eng ENG,MF,Tottenham,25-034,1996,7.1,1.83,1.13,1.27,0.56,0.00,0.70,2.11,33.3,1.41,16.1,5.35,33.3,7.18,7.18,1.69,1.41,0.42,0.00,0.99,1.69,3.52,1.41,0.00,Matches
496,Chris Wood\Chris-Wood,nz NZL,FW,Burnley,29-091,1991,20.9,0.57,0.38,0.00,0.14,0.43,0.19,0.53,36.4,0.33,10.2,2.68,26.3,0.48,3.68,6.03,0.72,0.10,0.00,0.62,0.14,0.72,0.53,0.00,Matches
497,Granit Xhaka\Granit-Xhaka,ch SUI,MF,Arsenal,28-162,1992,21.1,1.94,1.14,0.66,0.76,0.52,1.18,2.46,48.1,1.28,11.8,3.18,27.0,3.51,5.45,2.80,1.28,0.28,0.00,1.00,0.76,2.70,1.94,0.05,Matches
498,Andriy Yarmolenko\Andriy-Yarmolenko,ua UKR,FWMF,West Ham,31-136,1989,4.0,1.25,0.75,0.75,0.25,0.25,0.25,1.25,20.0,1.00,12.8,4.25,33.3,5.50,4.75,2.50,1.75,0.00,0.00,1.75,0.75,2.00,0.25,0.00,Matches
499,DeAndre Yedlin\DeAndre-Yedlin,us USA,DF,Newcastle Utd,27-242,1993,4.8,2.08,1.25,2.08,0.00,0.00,0.83,2.50,33.3,1.67,13.5,3.96,29.2,7.71,3.54,2.29,1.88,0.21,0.00,1.67,0.63,2.71,3.96,0.00,Matches
500,Okay Yokuşlu\Okay-Yokuslu,tr TUR,MF,West Brom,26-364,1994,4.9,3.47,2.04,1.63,1.84,0.00,0.82,1.43,57.1,0.61,16.9,5.71,33.7,8.37,7.76,0.82,2.24,0.20,0.00,2.04,2.04,5.51,3.06,0.00,Matches
501,Wilfried Zaha\Wilfried-Zaha,ci CIV,FW,Crystal Palace,28-118,1992,19.0,0.74,0.53,0.21,0.42,0.11,0.16,0.89,17.6,0.74,17.8,3.58,20.1,3.11,8.89,5.79,0.74,0.00,0.00,0.74,0.79,1.53,0.05,0.00,Matches
502,Andre-Frank Zambo Anguissa\Andre-Frank-Zambo-Anguissa,cm CMR,MF,Fulham,25-112,1995,21.2,3.02,1.75,0.94,1.60,0.47,0.85,1.98,42.9,1.13,18.0,5.42,30.1,5.85,8.82,3.35,1.60,0.19,0.00,1.42,2.03,5.05,1.08,0.05,Matches
503,Andi Zeqiri\Andi-Zeqiri,ch SUI,FWDF,Brighton,21-259,1999,0.8,1.25,1.25,0.00,1.25,0.00,0.00,0.00,,0.00,15.0,2.50,16.7,2.50,6.25,6.25,1.25,1.25,0.00,0.00,0.00,1.25,0.00,0.00,Matches
504,Oleksandr Zinchenko\Oleksandr-Zinchenko,ua UKR,DF,Manchester City,24-083,1996,11.1,1.53,0.81,0.63,0.54,0.36,1.08,1.98,54.5,0.90,8.83,2.97,33.7,3.42,3.33,2.07,1.35,0.18,0.00,1.17,1.26,2.79,2.97,0.00,Matches
505,Hakim Ziyech\Hakim-Ziyech,ma MAR,FWMF,Chelsea,27-354,1993,8.7,0.46,0.34,0.34,0.11,0.00,0.11,1.15,10.0,1.03,14.3,3.22,22.6,3.22,5.86,5.17,0.92,0.00,0.00,0.92,0.92,1.38,0.00,0.00,Matches
506,Kurt Zouma\Kurt-Zouma,fr FRA,DF,Chelsea,26-132,1994,16.0,0.88,0.50,0.44,0.38,0.06,0.31,0.44,71.4,0.13,3.94,1.56,39.7,1.81,2.00,0.13,1.19,0.56,0.00,0.63,0.88,1.75,5.75,0.00,Matches
507,Martin Ødegaard\Martin-Odegaard,no NOR,MF,Arsenal,22-081,1998,3.3,0.30,0.30,0.00,0.30,0.00,0.00,0.30,0.0,0.30,20.0,5.76,28.8,3.64,10.6,5.76,0.30,0.00,0.00,0.30,0.91,1.21,0.30,0.00,Matches